91890
1396
57014
10942
45750
49915
63867
17789
60621
44037
79149
47386
21649
19027
37525
6478
29607
34281
85122
32856
73298
4557
9155
5930
78646
54109
63238
27032
79320
61319
57427
87562
62714
14440
98503
8463
64354
62370
42604
41326
6406
21752
88711
44406
40778
42587
50884
86736
93220
36005
35943
66517
56913
45097
88798
35559
99206
52035
78942
78525
13353
36368
82438
92419
67159
80941
17233
31512
43310
59836
89189
66067
81587
94251
10472
38716
53190
61355
25451
46409
97359
61394
12925
54272
6490
1722
6182
22047
70109
85123
16924
83461
21491
99361
92231
88649
80301
9464
36513
39962
69299
42053
6028
67238
36304
16500
5953
89493
77854
47756
35901
91565
25501
65177
45836
31990
66898
52017
70389
37006
53491
87312
36819
91333
86672
29049
96334
83325
54864
32846
23286
24163
74898
29314
7752
27553
62165
30056
17045
56370
77811
69297
47934
3311
34473
10121
51653
17723
78489
22041
71080
31980
25704
7898
23312
28727
53299
35997
12051
8162
68842
51689
48676
60092
97354
72779
3996
59518
2835
37393
15887
96997
6689
63821
16660
57514
73941
68312
75236
68782
6704
46315
761
48759
70565
40424
77485
23863
76421
5888
48376
61614
57576
13404
38057
54929
86182
42053
30798
5368
95797
46684
2365
2485
26856
19024
59998
17149
3687
51585
85930
10390
97900
86690
75500
68464
43465
52984
8678
36237
58871
57053
97851
32798
86808
52259
4078
89342
94311
34875
94709
90107
97911
13425
8944
24766
32448
85293
41914
52486
36878
44195
79227
34777
47236
54726
19592
90701
7710
28269
26937
82932
1673
41139
15730
88481
93398
36159
77822
4060
71034
88882
10519
68944
2307
19462
10061
51106
21106
68327
3592
57983
12521
82818
9111
76109
37544
45054
66809
61605
73322
10097
44536
91347
67588
76617
79827
60985
12776
74000
81396
161
79233
91914
85456
81539
27727
95516
32645
48833
80194
52588
23167
92715
35405
48630
85175
89300
93683
51983
50904
67005
78431
11792
58351
46018
88408
54529
23354
17535
44880
4750
17695
24112
96663
19502
5651
40742
31370
54647
5926
11563
23586
29092
20629
75342
77721
5803
64642
71404
74137
31897
54760
52568
43688
29462
14937
48448
83990
38291
65982
45221
59392
29
69332
72406
19530
91334
13147
50899
62332
19072
78814
85917
64516
99442
61259
42236
5245
25900
29991
79381
74148
1102
48300
17836
30563
79589
66283
30904
34231
48616
76124
93622
48644
45456
66027
84526
53141
95526
51776
15473
30949
30589
1389
95464
46383
78999
54052
67979
21250
394
47359
95398
1496
12011
29585
32058
91599
95867
62962
25829
60834
55437
35802
25830
17244
18180
10355
70385
13705
78482
2209
61006
25423
3597
56469
71805
98948
26872
39783
20197
27266
3493
15594
28761
15503
45178
60818
23453
57396
40131
65633
18230
95568
1434
44059
12811
19614
70765
99547
49670
49246
1755
10675
91020
21704
83496
62824
20651
26719
18958
40847
53984
22451
72793
82744
54305
34322
59914
77758
8070
16396
43390
26299
28315
61176
86709
57478
80789
73825
57024
46810
39422
75131
73837
30442
96834
73684
9617
17484
402
28575
74682
54386
51025
63826
53481
5329
98148
29746
99438
6217
62494
59180
48867
90808
20355
51927
48285
17495
25751
21661
64304
81524
96791
54492
11965
93624
28175
21582
27459
28577
66508
18492
99314
17532
82318
69146
39212
96817
98892
55002
19385
61385
14181
68251
68544
34535
20177
16829
52029
62279
38489
32684
43802
35279
87176
72119
45254
15350
10052
89064
60278
76559
7555
59591
10442
6224
45089
49653
3040
43980
4654
22424
21716
35186
7026
90259
69720
43554
23439
38100
22184
61927
70784
65986
13557
57959
54456
58810
89660
80859
47873
66290
57417
71780
42232
84210
78003
87320
50214
97395
31299
54868
19818
69366
6405
43196
75977
76125
86749
99415
14224
8933
77694
1359
91270
91250
75669
62077
66412
65329
42935
30636
47970
16703
2415
90201
912
80418
77521
51125
94164
25171
22344
30333
94537
28749
73528
86865
4873
76629
86279
35448
85561
63972
36807
93182
71574
28827
55258
37985
10507
98192
68620
58476
14894
71035
48677
15805
67804
26197
66929
61967
51367
5625
92299
62255
34373
82179
49119
55597
58807
51750
91044
44367
15721
44202
53900
87294
73029
9157
41630
83535
23700
10250
42011
38593
97636
7039
70749
65439
33235
54029
43757
953
59653
52407
79560
94025
34585
45030
49621
9743
96779
57017
70461
12500
17570
24360
16145
90598
33516
57775
90485
73567
84376
48847
12159
82011
55885
99259
47449
5471
69640
7557
22775
29292
76315
2334
39669
10900
47364
5641
36994
60494
62657
7455
72993
80227
31814
5490
87176
81682
79616
77660
55248
63991
42858
83759
46001
98742
83017
9801
20564
52656
17357
43339
98300
93671
62024
37968
20922
25739
43608
57916
86233
22617
81722
75577
19195
13535
81066
6370
11568
77033
382
66816
41023
43239
50574
87023
58333
49942
96823
95248
18950
30531
54938
17249
40554
16962
71568
77827
59052
31527
52094
45284
54143
33815
20861
73337
63702
18278
96059
75269
95311
96440
42084
36333
56030
9009
39708
30714
58951
52882
25962
94252
99765
80899
27852
40318
14212
99419
34496
73264
30945
86590
18547
1440
36756
55759
74776
457
90389
70834
92078
2051
83625
34161
54735
56007
59522
94442
86720
34824
63676
29033
29075
63440
26284
56926
3757
40495
72696
38252
30110
3640
41193
65009
5079
77949
37119
96207
94757
27507
83392
86834
29557
83369
37347
84292
39375
13220
95085
26094
48043
58760
71479
93469
22199
97762
50394
42307
54608
39441
96911
84718
43080
38103
49726
64511
32403
86844
77069
43512
30703
60460
46697
60259
43828
395
60902
99554
13614
72339
25648
78008
31098
13478
71476
69649
11239
38221
11955
65846
77661
8865
66915
37093
63320
32992
1603
95722
19836
78671
55585
66890
55482
2282
43500
15662
19028
4402
15215
32642
76740
57214
10649
24189
70691
98477
93837
81929
36697
5792
64127
30710
14656
31041
67802
94327
64033
85756
90049
220
80778
61985
67109
36259
64266
10608
51920
83294
31361
67135
32287
24452
24348
59287
48641
11391
57763
42477
93319
10812
64620
73797
57873
95628
4838
42026
89954
85222
27781
96354
1793
24910
58339
85253
61168
38956
12212
29440
38601
43573
12926
87239
84376
53625
46526
33016
65015
20640
91845
74686
47803
56464
48482
22027
52091
69671
64052
58397
71244
8184
54750
73036
33093
29440
74640
94261
84748
86852
40052
23348
46776
52977
10587
31151
6601
73464
64167
87968
10455
56011
62653
58258
28826
11134
80284
97269
80805
60688
55665
52048
68871
26766
41436
1964
72558
16075
12576
57305
2926
52627
97004
49701
21955
23942
97204
44907
97405
61370
32874
7860
33732
95526
82469
78909
23012
79104
76177
20168
39791
48193
88567
8662
91311
30002
10625
63868
62429
23200
37524
81706
92178
34527
31407
14132
58469
44962
59038
55873
6331
8264
80084
56414
20141
62552
35322
43152
58008
27851
63319
97798
76043
51886
6459
67353
98239
33435
47572
60667
72986
85095
42373
81515
35974
90131
95646
94442
35092
71036
66666
57774
79299
46750
14187
99439
25653
49508
58943
83660
77358
22261
97810
69753
90498
4268
53457
88737
54055
17381
65755
43392
2475
8127
24907
38448
14609
36904
49241
49700
7939
15907
7473
3589
79008
38011
19380
21012
3871
94674
4672
97580
16934
2481
67332
23784
23100
37141
28872
93506
54521
94626
36898
73347
19105
78156
28147
33713
15059
77387
99765
39350
9645
23589
59290
88652
61600
95021
9664
81822
89694
30687
79401
22980
49519
63085
46763
88970
225
75634
82476
71097
86611
35725
44443
5715
13880
72589
55780
45290
49976
55544
991
75972
79132
60281
64624
57083
55301
90639
55256
44995
37677
34657
84326
87195
14093
31088
76164
30669
23073
74991
1765
9683
10715
46207
31750
40946
18796
87529
86236
85123
43072
87226
77446
38555
63858
58421
11990
19159
49059
67245
80505
86735
18253
64830
90281
32345
12269
66445
79365
35341
41435
81129
61375
68502
27336
93124
9447
62483
80652
12034
63957
40075
15612
41402
78630
79469
99823
6971
14979
65233
90567
11835
68320
25172
93016
58600
73868
5284
41396
53233
56976
99183
34361
18351
67684
78048
11474
93482
40530
8478
5516
20838
48552
21127
78592
43533
16947
94766
50503
31926
59998
57422
60112
28317
82593
53128
3269
56460
74763
44664
9692
31739
43846
60405
66441
27881
38452
94266
21363
95334
2743
43230
32523
51295
80708
11114
11179
97654
5879
78034
45931
82229
35455
6043
26897
34399
75522
30165
7210
50284
74829
33254
98374
35026
93658
64814
62907
48461
75432
621
43794
78174
60202
76317
45820
40909
3782
56999
54914
9661
51384
17197
8241
3190
39591
35137
37588
15112
65302
44797
81747
56482
78050
80121
91507
88059
61286
70765
36520
36717
87737
80313
14891
47938
72981
77062
5198
76763
50412
76464
2775
1795
93660
11015
4984
49602
46151
42571
64713
11452
3720
46459
84285
98121
26579
75792
86180
87865
46556
22699
40933
34293
3011
55823
98582
92344
49237
3780
69106
99648
96595
88232
1443
90254
99246
22778
39855
61748
65349
20919
89552
85420
83729
73836
83540
26660
49627
69719
30876
12535
92417
71808
63179
11780
43983
78112
4123
93219
81891
89580
92866
94837
77811
10660
85090
93408
33438
41296
55155
15138
78566
44706
557
62295
34894
84096
5306
872
53815
36181
13406
62583
24340
92936
74362
68322
71048
94836
61540
69290
767
54406
64127
78577
81417
65568
71984
14854
23216
43491
29991
18133
4548
30547
80427
39441
30995
2084
56665
84809
38264
86422
63743
62604
79358
54457
47277
66757
49292
8817
52398
66411
79574
32876
44987
60990
14796
33323
75844
54363
93165
5834
72495
97712
52733
69274
53505
83727
71357
10169
84887
25973
96590
48629
88576
92299
19437
35852
75407
85081
61020
44157
51491
40593
77032
12829
17935
8179
46151
93778
62541
55667
15963
35036
53379
68695
4309
23235
68773
92017
49755
53659
17989
62696
18640
22916
54995
54428
75120
46753
39508
36139
90909
90998
93084
67941
3827
11018
76119
66329
21147
55012
21996
37109
90047
91726
22156
10707
31312
7280
2723
81066
77291
20712
60113
12282
59979
15107
66709
35098
61860
6217
87589
52768
13566
80672
37060
33744
8041
29531
16425
29187
84542
54772
82647
90940
46497
21154
17998
94160
44786
37072
75225
22076
74135
35337
34357
34114
66796
17417
69211
45007
39985
73151
14126
53551
53822
51186
3646
78214
97068
20070
7400
97961
91193
6399
5252
37689
43904
23249
31848
88689
60320
23424
10764
50807
75113
61472
84920
58260
78889
70482
3266
18873
43633
17391
88775
13806
84928
8773
92020
98347
45194
15771
96307
36387
38521
17910
90427
82425
41158
38627
71113
17830
62050
98229
68636
53514
59700
69907
11773
54940
40388
15038
90165
372
48781
95291
14178
50060
20415
22549
48407
65609
54671
61065
18347
93192
78975
8773
75616
36484
47399
46728
70665
25801
61308
55652
79314
37360
25558
91087
8651
82298
22476
98815
99021
87608
10458
29550
37668
30872
52098
2426
12832
6769
63490
31178
16312
58816
39951
91927
11652
3701
55006
82316
29501
16314
37968
25167
70025
79877
16253
78675
78526
55080
77490
77547
42688
4299
7096
96707
35170
75546
99132
48002
98666
78973
79179
14977
37789
35481
23255
49440
39182
78260
48107
85034
10925
86074
10200
80949
82303
42804
59624
60828
97884
53465
38374
56923
57763
61822
53629
9284
37367
69112
57285
52384
48084
52816
67360
2224
88296
90614
51663
43829
85225
99770
45215
96150
2195
71766
93450
849
14570
69425
61677
28805
39241
16402
2079
97003
94575
55707
22639
31941
24818
79923
676
89253
49090
68035
91477
53738
75000
59491
97566
60225
75612
59132
72726
94159
30898
82527
95007
45467
51952
56683
90623
91192
89437
92701
4547
84011
64759
27185
32304
5928
23459
32979
95180
72549
17366
3008
26286
92365
62499
40203
68941
38110
15687
58018
32268
46584
40545
27275
8402
8848
309
99024
39
6097
91724
20937
90108
72834
64473
38763
78761
87932
88093
73940
76832
5458
76948
19469
14175
55798
76023
83115
10259
91709
57485
42527
38292
98029
86153
46693
6876
2813
62068
23266
8910
70143
60555
15369
42976
25027
70483
21736
29310
58575
12028
22493
64033
5327
41961
94559
61124
17984
94025
71382
9692
51509
30260
64336
49537
32764
27380
72764
35577
89448
12382
60838
59590
72936
76206
2566
14314
63040
40653
59976
21614
52680
82468
1998
74358
24429
96556
35481
58764
90581
23215
84807
58441
69826
49142
7978
2590
92874
97093
38166
82321
25826
15355
58262
15113
7912
60827
29427
70951
17832
5754
92564
86863
88221
10914
61221
29001
7469
13053
87764
14401
52619
88923
72842
22445
38064
97171
25034
30937
10615
79551
29609
36441
94905
87871
67905
2816
65049
97331
73766
82880
19436
82681
69743
7657
9946
47315
36657
33767
60367
40773
48167
12986
29695
37360
35430
84110
50882
76815
31399
61497
72717
61007
14289
67621
65229
82193
86788
30278
95876
76905
29509
15311
75937
15603
39319
85883
62917
92328
19649
23284
33100
67815
52621
79146
21527
4402
63255
72408
81216
94653
50256
53932
72012
80896
37904
37240
63089
24691
83869
75316
17947
13378
6978
93883
28980
46297
79765
91897
38624
99413
31532
88075
83580
84152
67220
5106
88553
30474
93865
86120
41479
44121
56403
29842
41368
10658
83433
4456
51700
67302
96123
69646
97031
3101
63528
42362
65749
43293
50610
20724
59057
98493
8798
42636
82644
76017
64093
87548
22842
57958
90019
80672
18430
62773
10513
59797
73430
10298
80605
25129
77599
76727
94774
90981
96179
74654
49694
61927
34298
304
82650
93354
98796
7799
52342
97792
83815
16434
1691
23009
74391
91710
3680
9172
54482
30545
68969
44264
40842
65925
69392
34792
59003
80518
42124
55182
55171
91817
33460
5820
92120
32462
99173
7268
40260
67866
5059
40427
84300
23101
79787
75042
31162
99818
84214
1996
30362
69534
46259
87555
35458
15650
22346
10812
96167
80821
82345
67689
72638
15805
73508
81109
64618
89033
88376
4877
56898
9786
61655
41197
32887
41441
32591
64048
41259
16804
66043
87972
2689
28653
75527
54498
44303
14224
65309
56821
95045
47654
40862
67682
79810
14369
48790
44427
19753
53518
65655
76651
63303
27310
34199
12541
85102
66789
92941
42712
99944
75335
30684
2632
3988
22562
73481
64642
36785
38790
21462
48181
2795
78675
32214
82604
9396
97356
43382
29148
50873
9036
22150
30527
52697
56349
43068
54151
39489
52360
96862
55785
27694
27545
74768
31681
50106
48249
96322
3243
3390
34136
51423
6184
12810
83637
5139
22205
80992
64872
67705
48216
90259
89854
78742
42956
62554
38161
13458
2043
90520
10319
74179
18214
54216
48946
66246
20673
97194
62568
23915
583
96703
91690
23118
25864
91678
44608
64421
89021
9479
32125
37236
99738
38330
32329
59045
884
70490
72502
19278
61009
99172
93456
95574
53387
42401
61820
74060
55947
40739
14326
56529
53793
6015
95999
79656
14044
40606
44076
3064
66437
92552
40299
66174
30882
72628
41570
48117
59469
30423
83746
36829
29594
93553
32403
99333
52305
10574
89744
8251
51312
4069
81132
5104
26436
77130
84759
40479
34087
45187
43543
523
54090
193
83048
1323
89172
40969
49439
48640
71391
49536
85469
985
43088
17871
16669
95393
44796
6412
3643
96107
26832
1126
17562
69619
78255
18672
10098
28694
63858
69992
29216
17948
86536
28616
19270
75708
69584
85061
24347
40975
34596
9815
58311
94036
44037
91331
89428
88832
97742
9422
1290
24573
10548
18851
10544
5154
37523
20641
33847
17732
6984
79415
52031
93519
24382
87653
69226
93965
72713
9925
51291
23660
19739
25953
17695
80128
17283
23474
85311
31376
32896
86601
72301
59795
21803
82844
81300
59325
3484
15147
93409
26819
10913
45439
20337
35294
33091
5915
45610
22155
32191
96901
45815
68281
39205
63509
48408
56488
3335
33719
87863
52582
36671
60163
12376
74825
43006
93675
50502
62841
25173
43910
6011
36085
89348
26348
87730
38791
48614
33340
60945
80804
46592
6759
49084
85796
86620
13844
42283
89954
63914
46498
58887
16936
23012
71262
91760
82370
81288
42261
45210
6461
2522
51221
58897
91870
93920
62979
47012
58885
12670
7956
56040
59261
31067
21475
61408
34038
35318
20043
23991
15583
66540
82877
32518
89551
70490
40630
71920
68129
99242
33482
90941
1764
1054
49838
9985
94973
29168
56996
70209
41837
81303
26248
1097
12369
47722
62504
46406
99392
82546
86748
31326
65437
85976
80196
71340
56465
20825
59611
40946
20066
93092
31886
21829
94145
81723
31813
5469
27242
5160
92029
69078
86463
18276
86526
98831
82350
65382
61589
98093
64279
48336
29418
29716
34312
25965
17407
7128
46789
77017
48073
83207
86461
79959
5035
80605
78033
53200
2426
21627
58359
94454
90704
61173
29082
93582
76356
27783
58963
37944
42227
23241
86279
87996
69308
36942
13961
86714
60422
60749
80083
24846
43955
66543
4804
65342
63499
99189
34893
82276
20815
9603
76730
27870
70776
22163
21451
47131
49945
80413
85074
92171
20006
87704
80166
5665
24646
10478
8731
85067
71227
88813
9912
31533
55355
31068
13226
35205
46608
48118
17481
83774
57721
94210
11643
28496
32724
33094
75626
99020
29858
77051
7542
66215
64754
4059
71880
5751
14537
80610
7169
2115
69422
33433
33647
41128
64500
46873
76332
27459
94990
93812
11232
52710
4373
22874
97557
37096
72319
89534
52467
2177
66584
60008
68391
47690
64067
56622
53440
78603
37231
60609
80717
23004
94041
30715
80483
74892
93939
56815
2350
88929
66978
29933
57990
71351
69158
71899
24798
41477
61432
93617
60005
28016
53624
44747
75705
34042
17721
45496
12644
54951
6104
9712
94307
16496
56779
74789
91387
50717
47955
10088
55997
14933
56372
30339
2635
25530
2237
43784
83358
63668
37400
59714
8035
91024
20812
91
25065
38532
45587
54061
9835
68042
80124
4141
84538
53254
78929
75924
3971
26884
2364
76319
58168
58735
6657
60802
616
8893
4585
83973
88913
41985
60038
96947
49360
80850
13390
74424
19381
58976
44836
45567
43369
41312
49707
27906
94565
44988
20182
98535
71871
22545
74854
46390
97631
81510
7191
98247
6755
28127
82219
95667
86463
58609
8965
35822
39458
22354
26598
75190
97681
87785
20757
41050
29096
86815
68955
23661
31802
5488
22195
20024
28032
13400
66413
25663
11262
89955
23909
18016
18082
22479
30034
4544
97439
38998
56718
36896
77704
83315
28438
75384
71099
65546
32785
195
68712
1740
40207
514
7227
78753
36889
51611
92153
3302
93625
19766
9608
33885
54133
27689
72715
84166
48585
70154
39515
21654
23401
17218
4968
51838
8954
92418
33735
41738
8964
2447
43477
49170
19312
67056
27923
56200
35018
36427
75853
28642
56192
85461
62526
10324
29501
35240
10841
94437
21745
66707
16090
45146
83925
37409
13335
92878
29827
47070
34615
55142
65868
94444
4312
85179
77851
48586
57730
12868
85012
33583
57861
57555
35395
36738
84230
81247
88329
11422
75684
10074
78128
91773
55219
62052
45534
68553
71281
91712
31974
22248
46853
97841
16691
67516
83019
10893
16101
57101
40112
17464
90683
97972
91370
42429
51061
91951
23675
39389
3372
99358
49462
81500
7483
4680
59903
69368
89585
47536
61079
21558
69783
7931
19399
2825
91799
18769
13717
24251
75869
70180
58067
82903
68151
49436
25331
35563
57739
65358
74951
61110
81067
40765
58961
4901
45444
35216
74268
51380
82751
35346
72938
68885
59629
92336
71709
67779
27456
1777
92029
3325
71956
50095
2579
56458
15883
44262
92020
73621
9619
83322
51082
7037
24086
10043
11938
85882
61610
2557
37261
60712
54255
10198
29596
13883
18885
17656
81661
46341
19432
90041
66017
91387
40136
68595
64196
72370
29208
72567
45990
55178
55888
97071
62215
79974
23465
74152
65855
1426
93060
19467
62137
47314
29665
91732
61196
48549
9387
59208
11241
45170
65601
77257
52908
5736
62204
17103
78105
91411
89669
40446
62941
61909
53868
25155
41882
93685
15658
24088
95110
8717
43554
57247
56031
89570
65330
33578
54471
74717
9138
65711
36238
74738
59320
89146
96825
21523
6248
91281
29285
12269
31726
92225
74177
85593
33731
32410
95629
49388
56497
90739
74457
16402
47985
30487
5972
13314
80416
76794
4382
89553
42504
40620
80642
1823
46117
77466
39697
68716
68746
68982
80984
16823
77558
71512
18768
11289
20273
14396
77028
93121
5134
51484
9523
69470
98322
31846
82784
78738
8639
3517
84642
67494
60488
65284
69317
6604
59101
9013
91672
27847
94346
89007
61021
71904
60519
79788
99544
80791
94184
76571
90264
99317
28055
99786
85139
26376
47983
84274
21465
72973
87790
22459
40466
64630
4094
26134
87585
63194
35147
79256
7392
45844
68263
68413
34099
28781
48200
33642
25923
58735
10213
16186
74404
54619
32323
59542
97346
96657
43815
18811
69629
47956
41269
26447
12585
61714
52580
170
24907
4078
79425
32299
49922
47687
17063
84020
92819
81614
34014
35094
40349
44226
67631
31104
15196
16306
90645
12541
12962
50811
47703
98943
98766
5323
25389
11351
67036
77968
11520
91943
98398
7296
40593
48319
54983
74007
48690
64153
55620
82703
99246
12320
43280
83229
43423
74827
99534
50419
87368
12495
1229
35070
27789
99995
40393
53177
27697
23780
47497
39216
15722
45894
62863
72666
10564
34197
46672
75605
98350
2292
74660
13947
30963
34291
97175
74386
9118
96708
24804
12837
25555
26033
64258
53343
42379
21002
22872
70075
44782
86720
25642
60503
48965
88504
33169
75880
22701
96192
51484
37402
14835
42495
51348
45798
76786
64875
20183
2255
61582
61338
31443
3488
3722
95700
73183
46100
16702
12406
16174
61483
99125
58167
38337
64441
46671
87857
40320
85723
84049
8155
23124
98883
67002
90823
44680
60139
55697
81214
78745
33631
42552
10187
37118
62625
5886
10300
8725
22587
22705
41250
421
38181
99417
38758
2621
62439
42966
59292
48161
27014
83799
87636
42249
50800
78458
86928
27290
50507
84494
6034
84137
43397
16220
21254
6021
22105
31554
14745
61044
70610
72347
77816
8791
88115
32925
27763
50553
75891
87055
15065
19256
87205
2700
61504
38004
97509
64784
65293
48015
49277
71326
32151
92673
3897
53405
15045
26001
1310
29790
3396
88271
18488
81212
97061
6602
14136
24824
73506
6378
28230
88570
25634
15434
7621
3489
69789
5129
68272
51433
69496
33900
39110
17998
42924
43006
87754
57969
69006
89063
4110
88754
77334
22597
69965
90746
45550
452
31921
19055
6830
76502
7624
48815
91935
15244
52303
78075
36724
36927
29507
22571
70826
68616
40569
13750
11621
28322
88070
96979
33737
92179
85732
27422
14775
72048
34519
60324
88851
66440
79378
95680
59293
3353
60846
51228
34948
13149
45654
88023
50075
75161
26946
37252
60128
67514
67353
71749
12187
55422
85079
62275
47600
70810
6048
78726
59209
40567
55401
48059
23358
51130
60091
82650
70834
20936
50229
5781
50436
95883
10156
16862
87395
37101
54114
47522
20966
21466
35622
33152
93240
20700
11779
40839
7861
17826
35917
67069
74744
91317
15128
98101
58799
75218
97103
29632
12505
63683
51765
62941
59565
61920
79802
63311
99020
50267
27185
19985
88085
79158
69488
81324
16210
97618
38514
40422
31796
74430
7491
6539
82099
38970
20992
40897
30539
18094
86880
43043
98128
38644
22335
57693
563
18489
37355
15934
68755
80891
52270
73191
60049
38110
54514
76258
35727
9380
16679
67522
83809
40521
74061
82259
95842
11404
39507
26380
45849
26387
85775
43976
81382
8109
18020
98297
26597
55375
14230
11704
36265
66500
84894
12665
20961
55760
5274
56687
65139
38305
24209
65299
78825
14621
47558
74667
26024
3416
17398
88224
46154
3172
32199
27536
27633
50219
42184
54229
21945
56413
82284
74561
39264
67178
87226
60224
22937
8851
33263
4427
47155
73823
69725
42332
88443
33634
33350
30818
37050
50747
19041
99555
70271
67591
43442
97903
34161
85625
52131
56105
58390
34415
30666
14005
17944
34243
90581
57232
59445
23843
61658
6600
97665
31382
48931
2459
81368
82280
49628
34769
49378
85020
34323
19648
52610
94117
17550
86771
79741
69681
59227
54482
20447
6244
68487
38390
56838
75419
95621
16283
99261
73630
22882
13277
5011
88164
15735
2730
86795
81714
37498
36172
66733
88173
55820
35694
82289
73369
22464
78381
59401
98043
32863
96199
4286
17701
50940
61124
93119
62912
77406
8731
36541
16639
22007
57904
21154
54093
60633
7948
35806
14483
44119
18890
2655
16290
54583
84943
6011
93399
63323
81763
91441
12537
77962
12078
30237
45253
73201
39707
8165
66958
48437
61057
83596
86795
35312
4749
40887
12297
12696
93044
26779
73167
28285
45785
5808
99220
47079
11818
92618
26753
93581
410
39290
87894
12487
85878
33146
2040
25585
57662
68997
74021
35071
52593
77168
70382
73693
34406
82678
86389
43802
25808
75907
72086
71592
81714
71305
35022
93532
80274
61775
3464
97035
1064
91357
25874
86941
40854
27913
28877
98516
96909
19250
49938
49501
96417
20319
39546
30822
19349
42286
74623
61508
18192
63061
49452
16257
50717
84473
9788
30991
46247
29603
44377
47310
20959
70250
50603
78165
98162
79479
93032
95071
98728
42969
60923
95144
63287
468
42318
98987
42753
16940
76847
77296
80000
26298
93553
47069
10770
19692
78059
73369
49295
38787
20678
86605
9037
87632
64769
23550
67111
74152
18620
82190
17120
95895
93686
96759
12714
36003
95745
71819
69294
88943
49114
49294
15240
59018
96362
42362
78710
90772
15730
44356
45910
52759
30960
54946
40391
12081
78496
23853
86232
13467
22394
3352
25713
16079
16462
38427
52081
12206
10245
37727
17501
75710
3372
32740
34728
99733
75101
29789
6856
7182
74144
52765
59941
5103
24063
16683
33535
18910
56887
19767
32376
79280
39470
58089
11711
55931
12867
80143
84488
39463
17869
1988
15172
21240
51080
66251
37324
42532
96039
60531
49714
86534
29648
26006
7989
53710
59040
41523
72619
32278
77641
21346
27909
33462
79434
39619
89392
92300
36114
90232
31762
53982
8571
63286
91574
59650
45888
45249
18534
41927
5780
68247
28460
35427
10604
36448
5488
85995
94323
94458
18272
71963
15803
46180
5425
11589
2151
11168
20240
38264
17751
68354
8597
26322
31639
16522
2323
93878
61771
20856
52156
83902
5454
80616
35680
32409
33415
41167
18403
44089
51976
36674
32404
67778
99206
54180
95718
17708
65347
15958
55971
99450
84311
80919
25771
32301
97441
44445
26178
75563
65301
78334
59464
87106
75301
95143
19515
25067
52661
37917
69156
4636
90943
17911
72413
90148
72090
84483
7855
53788
440
80177
53237
84750
77447
95359
33402
91239
39804
59579
66801
21456
54264
42616
8561
45916
54110
28075
70983
6770
65992
56490
11405
73286
74400
170
79785
62841
84652
3991
16628
85091
84167
69865
86192
77965
65223
35945
69204
21378
11875
52356
42833
66139
94972
51394
12054
49081
79468
99388
72203
61811
72229
83607
35096
46628
128
31232
25820
1131
35222
42448
2573
35740
12312
5116
13705
93886
41060
82908
15264
52935
51615
58096
35425
62938
25841
47478
28371
5309
63218
573
83471
35446
531
34919
98426
17011
66150
24245
18141
1372
83044
20714
37111
95355
25829
67167
5593
83241
66426
37208
36175
18041
11655
71599
80978
37496
35428
25700
59156
14997
26272
42626
50443
26803
93896
65220
60165
60046
5816
78305
77769
88860
15370
31231
566
57551
98398
6158
40791
64823
59717
76965
99215
71372
64915
96545
8867
16694
22244
84374
31691
48516
26999
98485
91670
37247
63704
51834
97292
69519
46490
75060
74730
61860
22642
75296
19410
21039
81453
76552
2214
57522
69868
1428
28893
34782
14324
54111
67827
36568
38484
99517
1435
81834
14353
9456
19080
78056
77641
32723
63927
24130
24134
55008
2341
46776
30303
21750
84166
28108
98301
86379
85629
84520
4159
14521
19301
18482
84983
87128
71401
39818
2996
72835
21651
17349
82290
57083
11756
59930
89805
92034
412
30291
47042
2752
77066
77344
40854
77583
21803
55506
80314
7431
40026
84472
38303
75678
19305
23285
79157
90706
63102
82153
79892
1105
15853
62182
74539
43960
38463
80695
52346
55226
10985
15739
57978
4402
9434
15183
81985
31237
70688
62298
38667
27065
63121
93322
2743
82425
16606
81899
89482
96060
80403
69374
13516
12607
47907
88054
72919
2721
68748
25264
57947
79733
41002
32276
84134
66787
47458
82470
98023
34497
61119
53042
61562
24239
46363
64304
23016
79320
62554
28849
75379
59309
98222
88894
71915
46128
76947
61185
65201
45695
86448
23147
41779
43801
55422
42264
10588
2879
24734
24962
53727
2204
78003
15288
42795
24365
95943
65810
3685
58497
94658
95415
17805
9232
661
6071
71711
93959
67256
36911
39653
70055
76409
97783
30208
31830
40047
57147
51060
81132
82108
4787
83335
60111
36426
26129
827
32369
8290
20863
7217
19300
32630
25021
44883
33290
47443
16593
27248
31050
69856
83253
17457
46264
81035
47664
78094
37433
4810
45505
18564
3269
66643
18251
79731
3069
60731
80558
35437
85373
17772
42653
21024
50401
84025
65906
42
47819
82498
27290
78869
68705
26894
96325
14969
7928
60340
9414
61713
81501
54918
80276
84769
21561
14878
64500
40981
91961
61409
76417
77333
79180
35421
98356
45933
35797
80613
45974
83615
79462
73263
78835
48167
156
91511
63135
24436
51850
72548
86148
33350
43817
82775
34471
81729
97653
98970
22709
89613
60378
15477
83297
55909
50897
98004
1841
86693
78616
47815
86660
58077
21077
65494
6243
37585
73357
85729
62020
25206
58276
64519
74908
18445
47293
9378
173
61297
24699
39234
67261
85076
54710
50557
40984
21959
48560
59177
25003
43527
6991
11662
1604
44419
93508
24198
82003
66864
9927
60374
8421
84554
24892
83328
2998
72185
9057
19523
33481
33755
58756
17094
35182
29817
67650
92518
51775
32562
51694
93130
92440
75036
4791
94043
19454
14650
34593
1457
97865
44519
78182
6286
29072
3074
5965
32070
91610
31374
67944
41442
65128
26699
58535
16662
72867
42537
25531
24642
75098
93576
17771
83889
68611
38913
77932
88064
69915
12524
5872
67779
73394
84054
74064
2465
87127
96381
50886
95088
27754
18829
36529
9233
61879
95064
42246
34746
37600
67776
75739
29049
61351
9861
12937
29961
48773
7220
34377
35039
36095
40248
2818
9488
40653
93233
28305
27779
5965
79190
39218
33718
14371
75747
59303
76249
87162
1548
27346
24761
69324
3084
70161
47026
29296
99449
76987
78069
6669
11363
29459
59115
67962
32276
68603
8615
41861
96907
52745
47825
92448
91963
97895
6818
67709
57197
99419
71222
75096
26764
12334
44419
46200
82494
91445
75495
81942
84783
69915
4962
12497
99374
64077
80458
48001
49031
89072
6213
45937
41817
54038
54736
50131
68284
61554
34191
41832
77324
5412
16927
20439
17745
77698
66638
16590
85494
58485
14883
70276
44751
19845
99124
44124
273
79581
8477
49303
85005
14689
11591
43173
85078
66326
93303
69713
44231
43845
11544
21554
49256
28471
41993
83352
22520
24982
99941
8013
83466
14823
94640
28217
51019
93763
88692
51291
73343
13520
16945
74699
44561
28535
17871
45990
11213
27525
15703
71795
71369
43598
93349
20624
88420
51693
20327
10939
76674
20267
18951
76492
51442
13590
21060
2460
7352
26103
70103
97047
39623
87047
71745
535
31934
5968
46524
59498
33492
78578
31292
4861
22176
24640
41836
10595
92684
62163
21534
85710
98781
56836
78553
50222
70426
99612
52682
94129
42066
39136
91175
98040
42534
79272
98574
74467
85239
45098
33964
18730
23675
81608
39942
62202
22599
98130
72797
15283
60292
10682
992
75424
67517
79544
25646
54294
95507
94679
48423
37572
33814
55949
35612
76347
51572
34185
67166
36810
95634
17481
71892
35661
99088
28185
97862
21687
26314
87010
53321
2957
14043
70664
78381
81560
66559
20378
35853
62065
15056
627
15988
65221
72928
67951
57919
24499
18488
25084
77661
14121
58917
65904
66133
58004
94088
80347
96042
36754
83708
65714
39710
97751
36377
34442
79310
2935
54819
31514
81351
86226
48493
97339
67798
21420
65289
25717
62270
83776
67152
39930
14249
26068
5833
80381
424
16273
77079
12817
53026
60787
78531
92735
58537
14907
43529
54198
17842
14699
85711
15544
925
50555
12882
85074
71974
94523
10790
50596
78298
94294
90525
92546
20361
12710
89279
37136
28982
66357
49953
82007
27143
28483
91093
2031
59741
34621
56228
93934
65672
41939
9478
66596
92493
22359
68021
80819
16881
78811
31414
11531
89456
38290
20428
9816
67351
9706
63304
96332
92415
13256
94690
35909
58090
2135
37940
17830
53107
94167
11764
18778
52457
37593
1725
44950
59951
69746
42120
93184
64908
89885
4714
54363
28174
41493
64178
11877
51199
43833
8208
59965
57088
19250
95873
31529
37736
33812
49359
90842
27979
77474
9620
80435
15066
11344
41736
91368
97441
207
84551
62348
90091
5616
16710
34617
47109
97240
46493
14659
41072
71052
74623
14512
6653
70495
46040
44388
20659
95398
51582
48637
89223
61201
45423
4288
88896
3511
12008
86337
3717
12910
48684
10160
18526
81746
61128
81986
78985
23972
12996
20056
95023
87618
34567
18028
74464
80607
78767
95122
92356
30348
43758
97931
91548
5533
18570
96796
9043
30577
99484
29111
43487
64519
55622
78364
46264
33101
60349
25248
57072
73344
61656
68447
77313
12574
86474
51776
9532
65240
63250
18240
95588
23359
16170
3487
28891
34739
16634
54285
65316
16117
99748
25154
96988
71721
3517
43251
4822
80217
84851
61893
69912
62858
30339
47224
75431
33164
15351
84963
98404
78600
3202
10343
1959
19371
30181
30849
70461
63167
1486
35776
95635
1233
77281
92622
72953
80797
52225
77774
61013
37075
56019
30924
99932
86357
94499
91714
19521
9850
76676
34276
88449
79877
60970
6759
15599
7502
37608
86060
70668
55445
38187
66303
73029
15468
75276
45981
12616
27500
40107
89981
80926
96125
20904
97209
98833
31755
88923
18353
41604
65598
68980
46404
61827
29949
53163
93777
37451
7122
79836
8118
62566
34375
90772
35594
66194
66048
97926
95161
93547
54384
85141
74473
66860
22397
71681
65693
54151
76955
397
12106
42553
69377
58509
20731
15677
28023
14507
69479
35144
10695
93949
14061
61421
84720
49654
27614
67119
63932
39126
60666
34667
24267
51490
1527
46663
39522
83571
17165
16477
83967
29270
75381
69695
4130
96111
85372
32153
26969
54850
67296
37663
65150
81357
15435
49870
47362
43048
16988
27645
98526
94005
62312
22792
61846
63838
85806
17720
47408
2970
50548
47726
48591
25928
33773
52720
38390
19144
84872
81710
90345
68520
35725
55495
66228
51159
21716
13589
10559
55055
57586
9084
49060
19897
31875
27257
86
34032
44976
63845
37001
95523
11570
85591
37802
45342
38310
92543
80837
39534
90605
87534
8053
26329
59380
74280
77487
97447
4220
4397
52501
61805
13480
1560
98053
61706
28817
98138
95737
90144
78334
49089
85667
89904
51031
39820
51597
5693
48715
48786
45226
39319
52671
69630
65647
28402
60261
59485
25848
80832
63882
94700
42637
93713
12612
57041
71771
57780
71531
83859
47923
49864
32948
49941
56119
83978
89761
24068
89670
38475
89205
51247
77793
41875
20876
59791
86628
97488
19275
12475
78320
99508
7174
37308
93221
36137
94348
64991
93916
82230
48849
41839
32094
98148
91779
88212
98478
97891
12279
88147
36365
1483
55746
30509
59709
92973
6651
46336
90461
25926
75162
85132
25433
98688
22439
35005
34824
33138
16347
28740
15368
81548
86930
63813
79695
78708
52024
94524
92951
80655
82671
45667
98489
54768
76176
74550
47740
82826
37237
54552
25103
28751
56035
66888
27438
78473
18244
78613
27963
34591
23704
59682
32490
10633
23494
28536
5693
75517
23060
98643
72523
22082
44309
87364
76849
36836
61913
40940
36014
99149
11844
61116
27899
67878
28003
71688
62703
46247
66653
90665
97189
90356
50346
29678
17341
73839
58213
23033
65707
97624
21675
54582
19705
82335
41945
96553
19171
20209
53845
55184
35709
65688
32651
79960
33565
77006
67999
96267
39604
34651
3283
36792
41359
69980
82821
58699
43818
57385
81731
25877
55009
19757
96810
91065
18443
38754
3970
37613
75314
57814
9148
11022
39853
41799
7333
89769
35156
75332
2388
74759
9982
5670
11550
67692
75650
10722
26390
35819
84458
24472
78047
39466
60580
74856
46883
79023
13609
50852
32987
5274
8665
58487
32648
64869
16637
39980
54637
51792
15311
57024
26550
41645
79046
54451
9336
71047
81524
52078
6865
65981
76549
1264
21799
37129
76119
68681
32503
6080
19532
65489
11353
44548
23975
44000
9416
40611
83980
80404
8754
15642
37428
35303
73638
32825
6105
99326
3871
87628
51403
27087
53609
44303
28350
75407
97783
4469
44087
30285
10548
79970
12126
38252
24517
36100
82252
50284
93063
82583
30687
1816
14576
84466
53471
4566
17290
59575
3891
21160
63555
71645
64599
17163
32299
92948
8921
30082
13768
69359
76718
24315
49328
88843
78919
90196
24943
61170
40479
34357
60104
71165
52524
91031
55631
22346
95596
89272
98273
15838
26784
61827
3834
91382
95341
52485
84329
4261
82566
14449
89971
75635
38763
39298
64478
34033
45845
5772
95202
2675
40128
71657
73839
9003
79040
45821
31349
90987
51445
29621
6825
78228
7799
27010
69609
3139
79494
70289
23751
78411
84737
13721
54046
39852
53018
18523
73884
15214
40646
85438
17888
80773
73446
8078
6127
52485
70251
37475
43472
21695
83447
66648
16274
7597
10009
85882
10735
89503
72522
34485
84265
73611
48205
54662
29814
17574
89536
20049
32787
30181
5486
67026
27305
95284
75104
33432
47768
45354
87258
7591
83400
87057
90590
99673
94653
599
1906
5388
6453
74427
56224
90717
64389
4429
61731
94202
38354
51266
14251
87493
81447
36088
54518
25103
31371
29621
58534
95491
91326
62144
19433
74725
49200
10023
74397
43852
10621
76302
65591
33425
67081
21815
40493
31469
42595
2223
25671
80948
69841
56273
68440
67639
92360
22958
92741
23731
68930
67627
35573
60256
29770
55005
51332
78969
65027
25729
39172
91999
18382
4763
41775
85462
26577
82268
16931
85523
842
58953
66470
70682
15225
51262
38320
7584
90571
47413
47666
59500
15039
83238
36107
44808
54595
87439
40128
35973
29519
79299
44324
47900
413
86098
33362
43341
84717
50292
28863
85559
25596
95333
56240
40820
62946
10912
64755
53516
58324
28773
29367
73362
12010
65474
34521
82956
69264
74648
18929
98782
53946
63252
46681
54359
65701
80042
97699
50418
46685
26562
35976
88632
38246
8567
29451
17543
19478
10558
71058
77801
39330
424
67514
67691
82249
2034
50647
51512
76681
69575
66645
46979
49178
13326
1337
14878
9719
15387
81647
72756
58300
17622
61387
12897
26189
7190
30439
62018
17747
17848
39819
57076
18272
7332
24766
16872
9366
91764
84736
2398
77690
51380
49376
26867
81057
50712
58097
7128
82451
56095
79883
57102
73717
57621
69999
16257
64810
16789
78274
98908
34637
34444
55983
69260
41776
97101
86131
67493
88864
70866
69890
66554
22246
19266
9772
19654
86329
84220
26781
85131
40315
23015
42233
14031
80636
28583
46639
61797
45371
24912
77057
96359
75708
49391
65618
33835
46491
51749
1327
51707
38966
87568
18260
61211
23185
44383
80865
25866
28603
23997
10996
68917
47012
69580
99299
27647
98162
62289
5795
59885
3552
82851
56243
79259
32242
21861
13093
95084
89961
14419
46790
28926
18339
81401
6489
41523
25784
3705
67388
54386
27701
94736
39654
74712
64315
55304
18710
78829
17592
24505
38713
21143
7355
11307
402
55948
33167
13494
51032
39479
44265
97821
68405
62603
79222
91245
20477
21357
94949
4217
92094
22649
98952
31747
97361
79618
3402
16070
58446
20993
56926
97158
42135
64281
24817
42536
36580
57983
72382
87611
13814
32998
1784
82218
95600
81005
73462
32428
18713
84762
36644
10806
7410
35595
58904
21122
15213
62305
53544
90010
83297
10469
87168
25431
91101
28336
84319
27681
2670
73052
15291
16483
6049
17074
15052
18000
14430
4865
50427
33142
89626
87071
60299
97036
39017
19202
34509
70581
81506
88052
60591
64802
98521
64110
6585
89621
92445
7255
17301
95114
80306
48944
11597
2706
82369
43000
20705
13151
47865
71131
62644
37490
74553
22943
50877
29922
58496
85386
502
40002
73437
77444
21155
71957
41553
27739
77930
50349
51345
95230
45463
48002
60525
73411
50707
59246
16410
71411
72396
64274
58894
51391
18116
49798
74333
68992
96071
32829
54377
12925
89182
44166
90368
10336
16122
48273
54427
94051
98621
5771
5633
60435
53773
82509
50197
20831
41754
66607
8594
30501
47232
83839
81892
81699
49988
72576
50691
46059
5404
21419
58983
10937
65584
49350
21273
98058
13974
75699
8460
12595
97821
30444
73029
67945
29305
23226
5128
71058
6184
13721
1559
69767
97559
83450
51466
63898
56025
18508
9956
77781
56278
85290
88717
38214
34640
26341
52623
48613
18391
61082
77559
16212
7878
66940
508
37182
6517
5635
24591
12700
19355
26149
98818
33265
25950
66635
97163
98327
1494
23470
92459
57772
8760
97527
12337
59751
23868
64959
24715
42258
42392
2274
74821
50269
69213
91681
3802
75729
13667
28393
4780
49374
54541
19949
82638
96843
86584
96152
11521
88077
35974
3979
62200
44733
17857
74536
20835
41724
39494
45549
334
98238
64174
91506
48506
33386
99538
52308
25466
13205
80700
46597
62578
51592
82898
61567
64786
69481
57719
92658
73909
10044
12988
52461
54776
30845
43348
75610
88920
99194
37510
5605
97431
1684
13463
45936
51421
13000
14595
93239
26204
11646
39835
5133
79590
39084
66700
60727
8564
40770
53385
98825
50813
66372
67637
21940
97216
10984
13901
2488
10177
51410
8092
7607
53093
21554
69895
4514
50906
841
14104
77109
28839
70290
82242
8428
9374
65293
85506
17937
6062
38890
33113
56874
21614
749
78813
35181
11733
9065
37668
38261
60474
45760
45868
29919
83665
32114
34432
34570
32954
64887
28031
61792
35176
26624
86571
44549
91916
72077
78838
97977
27318
11950
71202
48931
29051
66366
84112
57135
75430
38131
95395
35903
242
57614
65821
83907
89727
16604
34828
39033
97842
62858
17176
33018
89481
20099
77566
81396
8527
56403
95724
35844
84705
66925
84775
30107
49642
85238
87241
25071
23368
82635
77326
23610
56601
59498
23868
62679
92454
58695
1711
90295
21553
35239
23312
27385
71689
17230
25133
80215
73632
37208
32410
74688
4133
33536
4794
70126
18773
92034
95197
58493
91021
88874
82102
47621
48371
22321
10299
40824
81015
28362
47471
18919
79952
70782
46304
51640
88011
87788
48206
77995
24995
80615
52682
45479
14151
73828
15605
32923
65861
27153
7767
73233
16026
6220
20853
64396
28540
31152
21572
9555
75865
69042
44825
55816
56175
7480
23807
60538
95267
72012
38532
20262
52626
7565
82092
66776
81392
97696
16051
63605
41200
23817
36837
57225
30037
74042
37973
58576
21545
75896
84482
97409
61289
29307
69576
17463
36786
93382
78000
48405
65393
32883
68666
18018
40448
67109
84794
38191
81157
844
1795
22356
24660
54984
79581
71048
29025
33905
29624
50569
9800
30457
47977
71088
59763
17552
4902
12901
10933
82902
61305
76325
32136
46322
10694
72583
13430
95487
27126
94586
12682
28920
33294
53694
255
12874
24741
29279
63130
54364
79847
72929
1173
44175
60368
60935
78078
65269
73835
5362
64522
35139
98038
13010
97812
8732
1944
11242
20570
29069
22179
33252
74341
55472
86945
74595
84697
11685
3874
47826
82401
72
37106
83573
44247
13825
60859
38676
95446
34694
44038
59967
86184
42075
72976
83996
67158
74920
11589
87728
20340
33767
20979
94680
5591
7923
69275
90287
35959
73148
54465
18359
89571
7922
1931
33817
21747
62790
88845
17192
13835
32882
93510
16370
91308
82838
16717
58466
74109
44657
46193
94448
94776
83523
89128
366
7797
74754
7004
43755
64253
77820
62114
53823
85742
80396
3992
23840
59537
92836
41031
89723
25717
50892
6093
33376
50081
39161
8193
24189
83818
70737
34989
78593
54259
40468
95310
62055
15221
2313
5810
79473
80133
84275
49647
82226
81022
53638
6065
56911
46473
47095
46633
88541
14338
69077
38269
64419
8238
46461
4959
8407
17198
39947
86999
87808
96766
82308
49863
11986
972
72024
7810
97456
72650
73809
79681
53671
27446
85745
10581
90271
49191
73566
78811
63529
42642
33431
44299
67231
79892
49257
75637
97089
5556
78987
84896
2321
77646
51110
30659
78618
39485
54820
76073
28486
28628
55754
98509
72426
41498
9089
62696
90689
99006
57858
70569
41648
91289
14867
25230
71180
80475
867
84620
86030
79853
85867
88351
57499
53329
35361
52468
92813
90180
28540
21299
35160
645
36159
7585
42143
45247
86632
49183
60605
44489
19751
18604
52129
50969
43833
39660
31443
44699
24279
33825
40904
26498
38527
14754
79826
73887
67221
88990
80418
12112
26640
31929
12757
62798
55865
71251
24397
42496
20433
85001
3337
56535
3604
55465
23855
63788
11477
71649
24839
35755
5473
65742
78604
43999
96847
74781
34237
64067
63771
31007
92530
6762
62935
5286
85912
18800
76536
10308
61295
96968
11660
80983
69854
31615
52800
93708
95402
64276
65357
36592
16382
87181
2333
94986
31180
15531
69766
81768
79597
49888
12774
72127
73002
75709
93764
58913
10860
70300
85572
88506
83619
13583
69489
53473
45197
22288
63532
56950
2915
45240
93542
19296
32421
12226
30633
63600
27757
16751
61719
23705
66638
74493
12183
55991
66553
5947
14903
77412
92598
16826
82269
76216
30408
51757
46040
91956
90396
9572
65258
9662
71163
75151
28958
3583
87376
59590
83534
31484
92692
45253
71541
75682
19745
83723
31672
2649
6021
62927
96412
98618
79752
78680
74834
10160
46789
37225
18467
53536
63148
83724
63198
34311
58874
8507
37893
62602
84448
21427
94085
77140
83031
65625
52821
19127
65700
84492
21775
71720
63770
18186
70338
43522
13217
61523
70033
76357
98747
88499
29893
61895
72223
9442
96205
47448
17948
50449
10049
18747
88227
4134
95886
71257
86110
65058
90383
51809
49550
12157
23529
13319
46694
93866
73192
76263
55388
43224
52619
70486
48075
82511
32380
36649
91952
44936
84096
26251
95385
94145
44998
83611
14630
57235
54868
739
22293
45250
52548
88194
73759
92428
1512
36804
2645
91056
13066
58032
34279
65685
28517
98705
48195
77249
35353
56499
22184
19449
99101
33920
29945
60450
17531
44574
17685
88750
45312
39977
50351
14211
28170
24109
22990
46033
77265
25634
53440
90330
83665
4071
56014
28534
2775
20561
5782
38128
93411
44317
73928
92511
78237
3872
52961
12119
48445
86997
868
10108
26973
67570
40671
71494
8031
63660
33878
85295
89294
87318
75624
89310
91388
31638
34195
10514
52198
56328
64993
45608
645
38920
54470
95233
59143
23782
7351
7587
10778
24570
34047
54102
92139
91069
25595
169
71080
75825
85463
60373
79494
61087
66035
87233
9076
16581
97746
77625
72909
62739
39584
89905
1658
94053
1489
60801
17835
8839
84739
44964
49760
35137
99066
41898
42557
41012
42067
13637
16836
43881
90361
96329
21319
56395
83561
30394
89328
81307
24370
78588
60397
63953
68492
78406
74358
69980
55558
8544
95170
40297
53507
44929
91785
52572
3178
34342
93584
61596
47978
26771
5477
38338
39452
43147
11085
23012
73541
16764
20670
97910
95351
97418
78215
63842
75824
52572
50173
31381
61115
61694
88029
30973
22974
79814
99897
42503
30507
9832
4099
94836
36602
25927
33173
76053
69073
60609
15417
58965
77372
52438
73227
72722
49856
51441
52915
42031
4012
19439
73411
81478
97484
61440
28802
20457
57605
28698
62960
88111
38529
83410
82946
75131
9336
32470
67535
94760
9431
99303
53725
86802
51741
26951
75876
17948
78391
45142
59978
98754
64581
49740
96583
62064
11179
25384
98873
85135
70434
78184
89597
8962
61593
88894
444
87280
21364
67979
82039
47146
67281
52115
50299
35373
95417
26174
69672
73807
71316
29649
88912
52248
79389
1846
30663
6919
43582
29535
8406
14015
7718
98002
22976
85662
86896
39772
72941
24611
24102
71332
71756
7734
23446
22054
43107
18863
64580
12778
9021
52247
58779
14285
4494
54519
32482
35156
77789
76063
81043
86194
6429
5112
548
45757
90774
87443
85528
80066
28405
9629
51397
160
17362
91195
38565
76820
26409
3144
5950
51781
55390
64728
82417
76235
35598
14899
27743
13386
7313
25137
15932
13742
30248
16479
59498
37373
20273
45025
17439
48677
71005
85187
65188
88366
76381
3752
81538
19141
23248
87487
70922
94989
68566
53338
87576
4163
68236
15318
33900
75549
40454
66183
5642
87053
99013
65139
24426
19285
26515
41864
84313
97519
27050
49500
2236
19783
69604
83773
38923
92851
87611
26196
87839
56176
79534
75414
76690
64121
7083
26942
56021
63888
9476
61662
67293
8489
43152
91718
44125
69666
49933
28438
83536
93334
77937
85772
13116
47540
85896
68391
56742
73507
94586
60933
46034
90471
52698
39076
54592
59781
66017
26964
40020
91844
4978
7312
332
48129
99029
44457
17795
65313
72894
17682
58647
67182
19805
71762
31074
5701
56504
87815
95559
51090
48747
57944
41560
1445
97019
12503
77577
79387
39467
17596
71231
44444
41260
87914
8924
40288
32370
26718
21953
21615
60752
80599
5149
80556
68712
36222
2608
25216
40388
98166
76305
5487
72462
34216
23283
85832
46719
859
65219
2537
34806
52801
63332
76065
40714
72255
32705
89436
15325
54657
11050
76076
35255
16198
56631
20318
68771
59239
45533
9159
73756
38189
14645
46217
72405
37927
48401
35475
55137
13619
54363
89942
66419
17694
66007
23484
89948
15063
12919
5272
69719
23969
81347
21325
56518
54330
41642
25289
29920
87175
34447
3675
25363
65443
66244
14119
3369
14644
65945
58505
44614
20307
48446
27384
38000
30804
50867
27948
45866
63786
49571
31936
4106
30918
53260
60623
1599
94902
2263
31518
98428
36709
51544
40142
18503
17787
54261
21871
48782
20205
96727
93395
56864
61525
37130
94863
92328
87997
39162
54546
68134
88733
86481
72239
36002
56093
49213
37600
50994
51476
69117
49421
4536
20660
5914
23039
54799
60174
61261
19932
96731
57988
29679
69946
19512
66808
64808
28191
54804
3970
99088
22937
9054
85569
11527
45055
41661
60740
82654
9006
28567
68122
74778
49454
88781
80691
72492
59931
57217
50105
79863
70299
8092
9541
40244
43955
76348
21403
72145
47504
41724
71233
86792
50777
73153
98319
95831
31165
75410
78484
56522
20328
62957
47651
69781
68090
28341
58625
28020
1909
8729
24234
88559
16820
33774
45154
77126
26474
66557
65622
73977
8280
36854
77120
59057
26358
91790
54887
73874
67199
49723
30395
3878
12679
78045
73659
97120
22738
32283
25140
40998
57363
65725
29557
90534
99499
74710
67659
42324
41266
33280
32652
65898
86486
9771
24954
29195
1561
96192
3069
85111
45914
49815
88989
74945
27860
78999
72064
66949
27633
13555
7946
84995
79280
53854
75528
95130
28564
59538
53805
86181
92817
86456
52078
95654
12578
93383
24849
14138
89575
27917
15601
51840
94083
4589
43136
38294
99939
31552
5242
27571
61458
29540
12565
40737
83393
4444
52218
28308
63981
6022
14489
73149
8829
82918
68803
21407
76301
93651
51896
82227
37919
67496
34066
32001
88436
77202
86647
4726
25105
91888
32296
86562
37779
61212
27299
21172
65655
95868
65831
45987
18242
96671
35488
27070
79589
4290
64828
72241
14292
16724
54467
68562
571
4884
16914
5359
98437
3560
10084
23541
11800
42380
10103
49578
19943
53753
87101
1950
49620
52932
47936
84213
49602
83423
27635
45542
4064
92462
17782
18355
25537
88600
3268
26108
93484
20182
47818
91920
40093
57901
31813
51892
16632
41915
17822
36575
95667
4922
54876
61638
57853
2811
45851
23807
2586
73485
69348
6649
82298
3482
41356
7835
92081
60975
50294
1916
81156
98111
10188
37601
72363
42000
5844
88995
83914
23665
41921
79580
44939
96796
57569
2791
15958
3419
42949
34895
93255
12297
41544
75553
15778
99251
83387
24210
60225
33680
26126
57733
48142
36313
95333
20504
94664
17528
25850
78577
41193
84122
74508
86131
97269
32076
5273
29579
51847
64574
64473
61453
76870
6016
37005
8999
21618
36743
33208
81843
86774
75685
39575
34915
28349
51259
71771
23012
68786
97620
17940
26330
98094
92447
28812
95362
40875
50437
24940
9073
15010
89413
70525
8231
11780
23882
17229
33398
60624
66788
31592
63750
58825
71166
98664
87173
38776
70434
26537
23913
84406
44476
50243
82499
53275
95406
77860
94149
45842
19152
3221
77203
8564
90097
85433
36695
13978
19013
70092
74602
2153
18035
54703
77329
89200
53366
64501
44327
40152
7389
68240
24557
51865
34834
23407
5139
46591
17618
15639
8785
36769
35211
85987
61684
25307
87772
98379
39285
23136
84822
30238
25288
2857
84940
2616
8408
54657
83469
69087
94808
7209
37326
35716
75425
88511
59122
96915
35101
93092
12553
43885
29860
47763
46224
91544
73070
33995
6274
12354
73482
7447
58943
98770
26655
43882
17737
35063
14890
17557
20501
9698
41118
57826
61765
16542
62688
37239
13457
97788
30330
26009
58025
76541
90124
4248
68084
63193
54594
90709
91898
28075
98156
50840
43196
41162
11073
77285
76224
25962
11193
13076
52011
52310
70901
13776
68852
49940
67366
98660
64080
97695
24668
22104
74235
31143
42703
58671
94335
13648
65731
2584
41722
80238
53423
84918
21400
80847
78554
13975
23161
89746
27051
75171
58408
14303
5298
43611
64243
89015
42270
28322
86709
83289
66777
77296
14432
25831
52318
8766
39478
18048
27702
81199
98286
81124
82468
19685
78323
77373
50011
17835
67119
77061
9357
25526
91364
14655
69136
71958
20021
27757
16631
6730
11045
99759
377
25476
25589
52694
50594
65066
70741
78295
62616
69026
75770
45084
5062
70444
22456
55073
88278
5926
48485
97635
47803
56200
28641
33290
44509
48661
61046
61139
71742
88443
60897
72118
30270
86485
24811
80863
67902
11904
75509
30518
97281
67631
91953
2343
38074
30760
73767
26352
36686
38603
40338
840
94803
85330
50482
39311
33990
11527
16802
22084
16321
94050
94201
46591
80535
35364
27453
64788
47267
19314
95305
44547
86944
87257
63241
25017
18017
53359
67720
71054
91962
24409
88245
3116
9738
38726
58778
60080
66605
75579
82163
82925
85981
76363
29515
66515
28078
73320
47654
75344
92633
42959
36243
79576
46567
99483
20944
80935
69194
5016
51988
61155
29424
56585
80622
39162
95310
39399
99241
78266
31330
81403
61191
17310
74117
7057
176
18547
80376
47829
10242
89360
90787
46484
85287
53706
62319
6231
34640
31512
11246
2980
9018
57021
59564
89639
96182
71225
45389
11774
49491
76718
93176
27033
10379
83645
34089
10554
2191
30817
74735
12432
36528
81873
75268
21815
35578
37586
28045
70218
85449
55642
73197
94466
12662
49112
84104
25196
20336
29492
36969
86178
22562
46497
29562
32940
30141
80003
59846
48683
10819
34580
77466
47346
16452
52733
85512
68382
6670
29908
54951
92118
85549
44499
86583
14563
93610
87038
39758
30297
32882
93078
32827
55443
39574
62388
4734
86066
42390
64579
34748
69560
15510
28566
33258
48314
81298
18769
16695
4320
48677
71645
96437
50577
32495
99372
81491
26104
86409
21248
72752
19290
14326
5578
91084
70251
84318
95818
56317
43059
76748
7416
12619
92258
35981
62228
40571
33631
97348
73617
54302
62376
61613
50738
29305
94107
66461
10795
36562
52870
48395
9313
88511
79072
31243
95947
49322
15560
91764
5638
58618
84863
29406
87588
77120
65386
66167
34042
15368
63515
24010
69669
42242
1974
36759
71546
96080
3219
82341
32641
72440
47087
58306
77303
26158
89548
73249
75479
5107
81364
97469
80076
66226
26874
67664
59698
8611
33830
10091
40331
13696
50453
9999
55938
52426
63109
27483
48506
66328
26175
97498
55119
89613
72155
32421
15770
61702
22021
91249
83160
3384
5069
63236
85962
31942
47251
62011
56904
81080
72101
97234
11128
22553
23585
67065
74979
86693
10899
39836
69372
53426
53685
40843
43038
25840
73263
58808
87541
95284
66408
87053
15019
71476
50288
980
19769
13890
79342
76672
94969
51443
73906
6096
90347
13842
89512
81677
534
411
37864
86258
70188
91549
27100
13225
17388
16714
72032
21280
28349
54791
8332
43368
26266
74971
60699
46034
88860
56393
39058
181
24187
12963
22628
14533
26804
28492
12562
43689
45254
50425
46298
15441
58325
89749
28665
92064
6463
17049
29696
51163
71839
54379
10882
14457
29350
71581
76842
34561
27973
15899
51093
52159
28861
90073
83043
72016
18564
11956
32057
63817
78733
94706
79257
37057
84455
24273
45473
7269
57673
75168
58431
29512
29546
69313
60320
75247
57245
37161
26160
1569
53060
77252
70079
98272
67324
69473
86640
2239
81429
35048
82407
76513
29753
78015
13569
14207
2288
75393
21475
59960
50560
96258
5823
96458
81922
66142
71704
39166
19655
97863
40734
72714
91467
27164
87337
75142
96636
73976
77381
94416
9023
76139
70928
55128
54154
849
69334
56441
76241
7161
32752
26801
19770
54927
39610
1691
37420
11313
40856
57074
25528
97941
46139
16994
25104
49828
92135
38091
23803
85867
32507
49178
62006
3434
4305
16159
4282
89990
88951
80523
97150
38054
23675
33271
92980
63284
34961
46752
90948
75816
3825
16475
90108
66316
33468
15211
16143
41955
53302
56297
27821
85808
5474
89826
5593
26130
22336
9875
16120
11286
6749
29621
65692
46775
62892
58671
26410
14204
5422
17357
90020
25599
50184
80127
91914
3
11690
24408
41957
64991
80704
86130
67150
2530
92307
72742
28659
14643
98968
61130
42280
5716
7103
24323
68842
86346
82994
95251
549
4767
28960
6920
46717
79143
3399
54982
95497
15088
79389
37454
96430
60093
39935
79931
62622
32241
69024
7632
63235
67992
85114
21867
90059
92216
46189
58901
94913
45534
70503
95461
66653
99462
18733
13369
94956
22131
68351
90453
53570
47739
44258
49999
24183
84192
46281
3156
32784
15304
10788
12371
83295
95901
34237
89706
4468
96777
64958
99380
42311
35460
11192
8963
51274
29924
22331
46229
52054
7033
53033
5623
71124
97290
71973
95306
97833
18253
98462
46969
33557
25601
59339
33203
37853
93575
39260
58672
90351
4217
58051
49013
39677
69242
57975
7302
15518
96658
53530
83923
20042
22915
89546
91165
20204
77870
86471
34389
96123
1284
81357
46031
43236
40695
95585
97440
50621
34845
56111
57323
55413
30513
6336
95089
16106
80662
18742
31623
93671
72272
15546
13713
95186
21443
4877
31741
99312
7699
66129
11786
25334
63837
74168
68569
4531
86105
66008
55151
20949
38470
12474
76361
68982
35161
87802
85088
15822
6543
16710
9493
95166
48607
23205
6703
70049
44433
54796
85713
52132
37276
13850
77465
1113
88018
62386
5643
74122
44745
77146
11422
83215
5971
87782
52196
41131
91935
53635
73304
14830
70345
99148
26347
35303
22352
33050
5352
83137
4197
91064
35268
41472
21265
29084
58936
9282
91469
80931
99755
52566
58076
11176
35780
80398
15310
4327
37880
23596
57962
11183
38425
44658
10331
64772
79960
49034
14173
1663
32170
34721
9078
83789
76192
30343
12873
35128
39624
20693
16058
55731
89610
90485
66906
25389
70882
82215
46068
25113
5811
20381
36295
60587
65038
46625
41710
61349
12011
72234
79364
44180
6954
88441
44321
99498
18783
73545
50977
74759
10589
83386
30489
199
90222
13746
41939
77455
95961
88006
2567
18123
24738
38861
95061
6127
1838
36771
67476
30200
9004
46839
90731
32310
51631
35051
31807
70414
8595
99135
61524
19184
82520
8364
35734
72741
22109
77672
66547
34421
65678
69113
68895
90415
7973
63956
96542
26162
726
80369
56361
26081
43559
47092
74742
95189
82142
22900
81954
7089
22034
59829
42624
20905
68192
78357
9997
6653
56028
76543
57425
38057
45655
26320
44824
69980
90275
57717
12493
7352
54437
68854
49784
97995
32297
24526
9535
30790
63777
7841
37878
85811
67669
96853
23067
52213
75209
33064
58865
47589
25958
16289
1997
71613
58960
46820
57944
65586
20888
70436
72937
75324
55641
39073
89670
87937
79950
99205
18727
43726
23397
72956
45888
91065
69809
68955
43277
61369
2018
18493
25309
27975
51134
27306
15939
10093
74125
73882
75679
11365
60670
64967
86688
16310
20391
92710
20599
340
8266
55677
60418
31662
28632
6305
22726
14792
75259
82355
92513
93628
17199
17821
21603
68332
45126
53893
94777
35603
44127
86807
63319
4796
51773
66358
37457
88516
59067
74407
88855
67332
30083
49272
15345
75067
55577
54423
6210
47187
36777
98722
40815
70327
32895
78769
38659
94372
32661
33435
29974
93139
36593
9644
14286
4717
76002
51743
93232
35068
26149
82087
18752
72584
47710
34096
47650
19638
88518
70211
83177
41646
85285
23991
11973
18179
2759
66983
12550
51771
16769
58876
44910
53361
68519
59195
58077
44520
27289
51309
95940
69790
49747
14691
42373
13808
48786
6374
33446
53656
92936
32974
11653
78220
56964
23625
96398
76074
90607
25300
27844
23727
84175
89105
77087
69045
64652
35164
29917
91940
2824
25856
78081
52570
40546
36805
66377
5683
59530
16174
75690
52466
49147
87343
30685
22462
10967
27083
98535
17926
68734
42731
41652
52908
48187
35091
38304
12838
70254
68220
21130
89429
94075
15562
41998
50972
52367
24726
73007
11896
57252
48696
80713
22750
36038
11398
61564
63357
54832
76450
97634
23565
19180
55637
92824
83719
90727
31127
12908
77332
99347
50389
66760
9773
65951
25109
77097
18317
66187
50103
46564
39790
98798
43629
62539
51188
55026
40454
30896
9857
16904
28529
49773
36083
517
42596
36153
7596
90074
49061
84927
89420
99449
68039
15545
81751
9499
92641
16419
92037
59095
79335
31826
74244
22963
10717
25431
77988
51170
72678
4196
68073
1206
53968
20508
18075
12915
56660
25670
2988
22072
26948
8760
37873
11338
40656
19623
20837
33296
36042
29225
8742
15376
61051
82985
38338
88119
8416
32677
39288
81093
53224
23713
98651
7191
44220
33077
36457
17231
58746
39444
55655
2045
48203
93527
13383
88858
29501
50571
38505
81894
79795
63598
13621
57197
46583
51958
45315
71350
986
955
68794
54209
41019
83796
77751
85238
16872
14207
18820
91969
70003
74474
10366
34557
84352
23748
39767
13853
90670
94623
12098
86816
58221
25719
60365
4803
94028
22031
92504
95014
22985
61297
65574
80355
45093
43325
65592
78316
73883
764
86637
60237
91589
97002
94794
75941
37101
50912
6145
27770
45534
18242
30937
3754
60312
91301
24908
54340
13332
33763
49353
52668
95060
31278
33023
56504
90954
14966
51171
81189
32081
37807
41425
23670
34808
52570
15962
88260
3481
22106
16029
49015
56699
63318
69120
33363
54618
10380
87702
84301
44142
53406
53321
55553
84683
2695
12056
75637
17660
79579
56825
49741
17385
14601
73410
68545
67171
5723
56804
70651
44180
89185
36017
17230
52502
21489
50592
23471
31868
38293
24124
92361
91698
77444
47914
92733
80138
76321
84721
14149
55899
57897
63889
89636
72497
53650
74532
39667
59372
47687
26670
19903
36871
79038
37133
5724
526
87724
45547
32393
26017
69670
24754
34066
47113
89019
43150
43602
65339
27870
57750
37590
85766
37991
27225
74615
7992
1756
30633
83716
49442
57302
3618
2665
36340
40750
24740
53217
28474
70286
85610
70842
56307
26715
21259
3419
32085
64409
63372
97423
8630
21122
35012
10748
59112
78588
85362
67103
96695
15994
50818
62489
89648
54436
65153
42339
11537
6244
95555
40010
76530
97516
27203
32836
40582
