31309
30160
37985
32582
90058
75484
22675
16748
18303
56742
63413
90002
70624
15439
79320
5090
2152
8403
91406
13509
25060
24269
52430
83901
69276
57175
74331
33082
12700
58041
80819
60360
4553
35155
92941
10962
26990
15615
27709
45293
88709
91121
51646
59332
6559
47317
80773
25063
55719
72178
54923
80778
96446
7352
81031
82074
80878
55361
15155
9929
29753
12325
70289
34305
47479
63229
61619
74469
95196
89327
36113
256
96800
87758
75939
3358
35074
56712
44772
7145
45241
99694
87922
58039
23397
85304
40112
20626
40664
71618
46907
70417
83942
17195
21073
47772
96775
99043
22240
8322
88370
58352
24929
85169
62461
868
4878
97535
57579
66002
4679
2819
82047
8952
60857
5444
94256
17320
42421
51271
5289
89327
21687
5582
6521
59112
53354
19648
58154
75593
44321
62875
50297
69250
64395
12757
70117
85625
26643
27695
51626
31321
46865
33672
56625
24074
55467
50880
57745
97888
2150
63034
3566
40189
68615
10087
15652
21968
46086
90157
13913
90406
69384
64209
59655
33778
76965
29771
35754
3608
73817
87379
51280
37034
37403
24256
61107
9221
75135
18851
23460
93637
98236
27026
50177
66851
53464
82180
5170
99549
72336
19082
89954
58071
99642
65961
91849
76607
12083
43954
96566
85900
31333
47845
22933
85087
72101
391
94307
63587
35593
17767
73575
33829
44792
40103
17031
14607
22282
38552
14155
10970
57634
20460
69040
73627
86420
77240
50233
98503
21194
46798
754
68878
10995
40038
53964
99447
40428
64622
79385
76020
98740
52960
26200
59883
93062
59582
74489
31696
98134
88643
42665
72119
25455
28056
45745
28226
21648
95978
43080
42841
59127
43833
28070
86473
83870
98385
85919
40649
63006
65304
33021
78098
34615
59220
37980
27676
35154
28821
59371
33287
33815
18387
5405
59269
62795
67501
87495
84442
79830
30574
27282
38957
90759
71703
25429
90980
70087
27700
31629
49444
93003
64649
27541
27617
40220
81873
71644
75373
10693
47367
25011
44507
82105
46767
20128
44899
14268
23974
29340
94097
70899
72973
49405
61657
44675
91186
52637
14761
18885
617
64205
28239
81617
8097
72207
38188
89969
60202
13561
661
23920
54923
61520
6025
1690
81647
50923
15957
5620
96615
26405
76518
85939
92162
54527
30614
83347
23515
61726
18583
24131
25930
63173
5747
50379
35379
43934
40347
11932
73846
57360
35852
28769
18879
58228
46810
16877
9150
79118
22496
22116
5522
15365
8055
97683
86243
55020
97381
9757
16745
15963
33887
59027
79135
55985
9405
30865
99919
49751
42797
90116
7110
95000
18884
42340
53227
82045
59216
78728
61162
98063
844
83036
29780
25250
97070
16022
80269
94451
25779
13365
26765
76017
72391
5900
32002
98147
53116
48272
47898
95912
38387
71359
7263
73623
13699
60489
55667
89266
39217
33181
87329
56412
16216
17108
98013
13285
33129
78281
7735
75259
7997
34500
51276
80388
56751
83277
78534
9866
31548
42783
22130
86286
30494
29392
59908
60544
6233
15575
49809
61801
48755
37137
18212
81322
70596
32576
94606
20077
27208
18693
95335
35204
69544
62962
31943
42646
62590
10477
68863
10489
69611
90992
96775
104
36736
56682
60647
42968
88608
10456
21120
53714
63944
55683
35035
50892
88258
45993
70968
15465
81037
82654
50668
66932
45616
82611
9577
8205
9439
78439
35046
95401
85783
31820
95505
22518
4853
72503
81837
9813
99310
2956
63526
79606
58638
14913
30497
63247
77257
1464
78711
58293
84117
45730
41576
46084
44692
51152
70641
54130
45942
5686
49531
31724
53857
61387
70593
58709
50241
68781
68521
49551
71736
48399
29156
46725
79663
76004
9971
56919
77467
5033
31563
77935
50763
73138
24019
95454
24289
11011
65936
86582
16696
31818
18306
70552
9556
5250
45612
59796
74031
30485
25698
62118
78883
54853
8843
58545
47208
35165
31815
24674
40198
63377
18961
7312
36514
59331
2765
77154
70341
85052
63735
3388
16869
98392
73939
26424
3642
35902
86220
94024
66386
11917
56141
61620
83122
81335
36516
30329
32852
68330
71355
73049
31706
90315
96712
84571
65997
15828
78076
36337
880
58163
39724
17748
72906
30014
60524
76547
65915
63095
70570
48653
75011
43063
10272
74484
24397
46788
21165
57248
31469
8871
46648
79527
15537
43359
64097
81533
59187
58525
17869
60066
16687
73944
94165
89592
20309
71040
82491
2575
34134
69412
51227
25497
28826
77851
99980
53223
40990
37496
26822
72458
62718
73470
51984
78254
33180
32433
59786
8718
7309
94006
85135
40347
84301
95652
46290
4609
66691
28780
7184
825
14544
74762
26321
43369
52612
42652
12943
9953
80148
56117
82411
42865
45938
50746
37471
79117
99530
13608
4187
6838
23966
89321
63536
8266
84972
9826
29227
51663
54957
36410
68839
69500
11171
95159
29221
80135
54162
58515
90087
34309
14631
88849
93526
60568
39595
47348
56037
55476
60955
60223
62314
84920
49543
42201
9538
50867
52026
38764
18881
6983
75173
87719
92834
2695
99229
38406
82829
53390
96921
89268
4051
27903
78116
13928
88471
17710
61275
60859
89538
38581
21081
68203
23501
86975
10403
49390
37841
62429
88153
73073
85763
79677
77143
78596
82371
76371
33354
81552
46113
46626
87171
66515
74528
65286
80442
79350
99348
58068
40208
88885
96648
61288
57087
36500
64615
67489
85889
18807
46269
74041
91880
32031
53717
85374
26979
52440
78097
60332
50343
24209
6957
37513
90723
97836
2798
71164
77186
18497
29231
17393
7381
42230
95033
64467
78730
59647
48308
64618
78453
10928
38659
86684
42959
8727
72058
69937
77518
50154
46620
27860
74362
69928
81724
81436
67763
84522
68951
44948
3018
14533
78693
26751
56762
90077
7569
35491
66075
55876
109
44527
66804
55119
47563
26114
80197
19620
12402
57715
86125
59021
1926
76838
28948
83650
58273
13062
68171
27223
74362
87540
58107
69406
14290
14868
59482
38211
66711
25556
10438
83171
86434
77241
54641
50348
19706
34837
86319
32107
8903
72443
7479
10829
49280
52778
94478
23904
65840
79000
67478
56553
82891
25584
25958
13533
56804
1791
51743
23514
43698
62180
23036
46483
55773
77676
96831
75478
12512
83149
23937
37767
55592
47767
48595
21223
545
43072
45127
82736
38423
12604
39288
21313
38188
81597
51197
94991
83387
2939
34856
27084
65119
57891
73566
37243
35566
86748
29072
64429
69897
53008
2195
41840
775
50789
63062
17671
10212
8188
406
64986
20792
56045
2651
58979
37641
53847
70321
37379
56786
5176
80814
38256
63066
70731
91850
14983
57479
20921
79411
43727
73929
81606
85566
91055
48746
48627
8725
75310
56815
25482
40295
93958
81526
42945
69288
35518
96792
39608
72896
69929
61135
70061
24536
24200
40791
16385
39182
14621
37305
34944
58347
27585
32901
43912
18639
81647
92539
27363
56956
65705
52844
13602
59662
50721
56547
28949
86238
69690
84908
75485
55970
46042
61897
80505
86593
2688
13241
42126
17308
66897
77069
75655
94482
9970
35918
13120
7968
44808
56835
81275
10512
26030
94876
86525
76751
67774
31825
79340
37463
16732
71177
9784
62773
33073
90288
65717
52112
19880
7842
85772
86777
1263
77778
81258
27584
13695
10729
35551
58503
83915
16825
85366
26297
28052
71891
19399
95826
3715
98738
49640
20447
86266
59424
99571
35691
66063
81640
4154
85943
5833
89925
89071
7095
67702
86680
51030
97749
97408
86580
72603
97675
19756
57968
23971
47808
46210
43369
59985
49925
58458
9624
86723
44724
69047
2645
96766
35110
84284
919
37404
90117
90844
26474
13563
74897
13153
64593
88997
26912
67524
61599
24586
3632
35919
48556
67791
82128
91924
27775
32052
50382
37398
35126
11457
22797
54123
8222
57906
54758
9140
95309
61226
16335
38134
74789
7584
51286
55733
96580
78197
23256
58179
2783
26887
10449
67690
94677
92576
59614
38803
40980
26347
76201
76105
54155
15349
46579
78728
73254
1337
87867
84914
62562
20554
23047
53702
44489
90684
9434
41068
68880
49042
15598
88014
92280
26046
55704
3309
18622
31669
42111
75953
74367
34663
68409
28521
50011
14988
7248
39616
16324
11466
40881
95237
48371
80279
65291
92859
70962
74724
50279
56194
40117
65876
60559
32397
8274
32614
52057
43247
80634
10519
19199
55000
45182
87607
99872
11544
2594
23471
67512
35269
51289
8392
30506
16011
5023
95796
25222
92336
86871
75500
64881
43340
57727
25440
92088
66000
74405
44144
9246
55039
54662
44796
26390
16195
32403
42614
27739
51348
82436
11602
86617
50076
36345
33474
66087
41367
45621
91308
50055
48843
83159
14935
92182
40885
56726
84269
6885
31131
44764
32482
2521
99426
93630
28910
15620
26032
87875
59710
93731
70311
87663
80347
20386
24008
30172
2824
81726
75792
94131
31780
24635
77289
46715
33168
34526
3440
17437
57762
50922
62200
6595
53442
77977
224
98704
9949
42607
86578
86010
36338
73240
73673
16684
93626
97680
63208
12801
79405
55351
23284
11185
96337
16924
74251
29505
51449
94042
63293
9210
44964
41844
15805
98405
19821
16028
97108
46121
58635
38
32130
94972
73277
5802
28007
83254
19833
7566
96055
15590
62917
19338
43126
59253
52613
33728
88757
4062
27769
52049
13271
72732
93893
45427
87489
30065
61455
948
76185
36441
985
8314
47764
90614
30468
92122
73867
66652
99688
86273
98593
62604
21962
41718
21856
74575
91797
26965
78636
19566
79013
8258
92297
89257
53685
79785
35673
31491
80733
11857
84283
98069
36523
32046
88682
83342
24167
78901
49993
23854
81525
64938
86457
3487
23007
24665
94413
14804
51629
89400
34369
46993
14009
43017
36250
84045
22802
88274
15535
19886
131
99817
34306
53005
48214
39340
36346
72381
18240
2690
12586
16116
67627
15395
35954
90634
40059
30366
5437
8039
36117
56157
55031
50126
99173
7632
34170
38326
95906
66057
74563
12388
65873
8869
65392
14087
48208
1737
2819
82799
4426
15404
98914
88405
30798
34868
79038
87208
81585
826
95246
17702
56982
66629
84179
56154
90612
18348
10832
86517
84404
85394
15256
66629
94262
80647
97067
58821
82383
99885
57971
3161
31640
73237
91565
78790
8104
86954
65997
6040
87779
77595
23741
61112
60575
24271
33617
51186
42619
44448
54055
27022
29842
69310
10002
40455
49957
7068
99276
48691
23304
73598
68203
54944
46834
76119
50085
71289
63072
32433
77329
67202
10027
17421
28313
86953
41692
78282
38139
84310
22729
92193
27683
68922
77854
37685
9377
27810
61104
25004
92853
84408
98601
61055
55703
45435
37174
5787
16723
16597
38219
94051
83799
64598
27824
28463
51550
69515
6744
6040
70176
45825
14584
14210
14746
92438
51894
24122
36599
12998
65477
29451
13757
64078
6858
69459
25864
44031
75245
42586
76979
29815
52989
77129
94412
97164
5592
62314
66678
28687
68353
53205
90863
82937
67414
5609
91726
19308
46082
28324
48657
11559
74127
78765
91988
80984
48223
17851
41366
39819
76788
18344
69633
29776
11825
80397
26939
17416
42710
9968
62454
27414
63172
69669
26702
30586
75277
18427
66245
37710
63103
31253
65620
37229
10017
57607
34564
74591
91809
92281
14409
68597
26976
393
14724
38800
80789
58015
72567
39850
67982
35021
67264
47506
21041
93965
78091
96317
28744
60687
50378
8198
91939
15998
45426
1955
89956
96341
92897
81765
88621
7305
66713
15596
24049
81436
54396
4838
39450
26962
61039
23784
78334
28302
71289
99374
38619
65731
12042
83714
26417
78772
91911
34707
11121
53688
53013
1076
50028
45909
99192
38648
69565
65904
70595
93613
47340
24990
14802
3141
68304
75841
26924
62989
20494
14564
62363
59112
80294
90756
59177
23062
69527
51087
57768
80647
4774
27132
98075
71153
73040
97266
9800
42604
79522
96747
52569
43213
21736
67370
46353
6391
43210
89629
69380
80056
4192
48094
39167
838
55201
98344
40251
24728
65782
14371
21726
86908
41502
36152
58060
30894
49770
67860
89849
29291
80958
42417
72503
19045
9787
35207
25436
69348
41187
11167
49403
45379
75612
4922
62568
30812
19617
2818
71891
1750
33540
93617
88657
75042
29768
46717
5935
79537
30928
95783
25179
11885
54552
14033
30929
64338
49240
72716
50037
6778
83882
15792
68508
59493
37065
31075
6657
73033
50245
78547
74782
83784
72163
63439
75177
18283
10155
81111
14171
41082
93246
39350
69318
47797
69734
246
28486
35325
72962
94874
42103
73195
10665
10610
49040
64081
41685
55696
37113
8281
34242
11895
8416
22757
91685
83593
41039
1839
64703
71561
59272
74300
27262
28589
22096
96996
45186
66933
32320
34499
61807
74422
24046
88823
85032
73085
52904
43068
28780
6368
67700
63021
18262
76115
2129
9946
59707
43167
28136
40762
31080
3759
15061
58341
48699
53509
71688
93885
20441
4008
44735
82247
94781
68780
71070
96164
41864
40325
39231
86995
46692
6930
66368
81306
83045
68496
91251
59103
28015
35739
99864
59094
39497
14925
33786
88196
84785
5474
98432
5225
9481
43166
3824
20613
11946
91245
16777
70161
31569
72359
73508
94612
95641
39875
75917
95037
8370
83520
54139
52736
19258
54003
11829
75106
85279
45615
63301
70063
51088
61732
91639
76920
4898
95462
13884
33195
86706
30660
19707
18274
19371
93214
12886
15011
49440
5154
10047
74162
88673
80537
26897
24282
50891
38726
99388
36169
692
62688
22583
68131
40772
14222
61402
62021
9683
75285
11567
96389
22297
31273
31014
41667
40839
60251
73029
6630
65405
83075
80791
70429
63611
7688
11063
14502
62765
10450
67022
79808
89489
5957
64290
30260
20178
25691
92280
29860
17327
20198
42600
39623
67823
73614
97641
8661
50216
70669
31642
31972
70095
12433
2401
50058
36472
13463
80911
15588
40264
47932
11747
29752
53888
76036
76364
90417
18078
84995
20277
35404
5193
79228
91379
73015
69193
89019
98027
19409
76040
29668
67732
46134
58452
70132
96191
11275
99946
77101
26862
56561
41385
54960
86313
95272
30995
62676
85689
65424
64022
22317
828
69214
17896
8558
42228
87089
13928
40254
22849
89967
69922
90580
36101
44725
77064
32291
56000
93361
25744
99213
49922
67128
54173
52586
78751
1519
31613
80791
66943
95634
3107
84122
64848
37355
92679
7075
40795
6606
63681
63643
96573
33602
70574
49025
78326
63989
97667
50677
57350
23410
49890
23623
6889
4062
76208
85640
5580
7820
66430
72522
3453
85889
56643
68300
23243
65673
91727
64037
72279
55407
44031
85203
5360
14604
34227
37
94945
48245
50714
52294
71655
603
75916
78543
4664
68475
80534
26595
76294
46964
99117
96098
32852
72111
80750
72446
37784
72476
36482
26414
44234
80512
11616
49593
11467
62194
49629
6411
10438
16694
75056
98444
17296
67323
93339
38311
35797
73872
64906
28442
37187
80374
40892
70038
68836
21641
42483
22971
10468
95316
49384
54701
92179
77351
20645
19998
55896
86625
26408
66334
3319
17816
81129
36966
1490
74467
75277
53639
64691
56534
82080
1877
36907
39323
88267
22094
60963
47101
45065
71430
58769
10800
42482
50947
88151
63126
70944
44046
49751
13704
26731
69421
47871
24212
6386
49360
15030
81662
2998
79720
54547
1430
97949
7805
40752
2567
29899
18067
49667
91315
5848
24787
2114
48330
75734
6616
27807
63029
67014
93909
93084
10096
63329
40954
34307
69715
6666
49337
67728
9663
29056
38627
27444
43356
46431
84548
45922
92681
2614
11941
83995
8461
36727
86109
73142
28812
9076
17301
91841
76089
11209
1276
86185
90890
42230
36843
60604
65247
86179
44683
74909
31587
99661
18705
74942
46092
3252
20864
38772
22217
49156
22767
47029
85882
25227
36523
14694
50654
53823
22886
43095
65031
24161
29279
55920
66390
82473
32875
31636
68652
93910
22897
238
93570
57953
75179
56013
77556
12394
94785
99772
61549
33903
46800
63783
75481
99674
78476
26134
53496
1361
69228
34879
25521
14858
7150
8263
97331
56377
56250
82334
50286
95498
82571
60207
69802
74101
16220
47357
2847
27356
47128
80747
77610
10280
44529
69442
26305
23004
95575
79801
40716
81155
14679
82589
12364
38180
7203
26046
94556
79804
8379
61193
75302
7301
21400
61455
81402
53971
8812
84248
97678
72291
64994
91639
98922
25875
61080
25227
65230
73006
5027
5946
54160
36057
4886
82876
74236
12088
8921
85144
91891
33652
46336
83544
40952
84087
44999
38705
38057
53810
39304
52086
42452
20650
43724
41374
46524
4803
66600
11753
77809
87978
34050
48320
40386
38935
47547
14621
51022
72820
16116
59265
6471
62452
59160
63774
46538
4158
18831
947
74319
58134
53032
16771
95135
13108
58144
41658
34262
41095
69763
28422
45424
20164
76742
85809
59099
40640
16781
26472
13459
32897
2088
36281
95348
61248
55
41885
65405
35237
59183
39724
93370
12215
72846
4857
41674
47341
62866
75935
4787
32628
4357
50210
69144
97450
36018
28242
38089
52798
71065
51548
85694
73153
87828
97393
34400
4234
55630
16156
39470
14812
72231
49192
43378
45076
70400
85051
8768
33265
60986
13554
82245
81694
63763
51388
79143
99780
79629
17231
68930
50693
85130
54623
40197
89310
68368
74596
9895
23997
7104
65717
38808
79334
31260
82186
40762
1659
83588
49529
34923
60925
63083
17167
42618
26845
68554
38112
42977
64534
55343
11906
31579
56824
82880
71775
62485
51247
62723
72380
75243
86178
38096
30403
65511
85707
28940
6272
87365
28879
55801
38639
89804
35235
55806
32421
62079
40711
70533
21407
21597
42227
33312
53175
15402
32544
41301
77887
83790
20375
50266
75385
6552
4713
22139
88415
6771
51078
94686
94135
96308
66838
32773
86111
2072
4930
34884
80503
61993
21768
1909
83589
80346
51573
53115
95747
84116
10767
89985
84257
47494
40250
75993
70397
61314
98131
58811
68084
65560
69849
78570
61868
36686
27695
64330
55110
32624
99213
51964
10968
37332
53872
94556
17677
21796
64022
13424
22263
74789
3408
6520
22282
60010
82512
92678
37675
96995
51489
22111
62554
37689
17032
40773
90726
44726
5103
45835
93702
20667
97798
4669
57999
68022
15577
75675
6169
79598
5450
28432
54386
25210
51303
93019
1571
50166
85697
39245
47160
53537
77707
26066
91225
94739
66838
81950
55816
71940
44137
65869
8959
58286
70538
66957
42659
2466
42631
65180
82063
64433
93611
52801
89642
61265
45819
91212
11430
47867
46808
58590
1403
40867
84655
8979
51957
67844
90929
7772
56136
51417
73641
65094
26054
60530
32050
68713
62995
91032
33892
61409
55464
43854
14209
45105
5118
60028
52668
16547
7894
99476
75136
25649
40342
76142
34627
92298
43986
41907
16421
16473
93323
90061
81566
19377
66942
13615
4441
29936
4646
38332
91345
60110
98537
21905
21566
3654
98284
74234
20200
6178
73709
11688
48178
30402
4181
82804
39051
64518
24711
55471
80990
34385
61884
62555
70113
28825
92521
74553
75113
13519
29236
82809
89980
44124
4713
11545
47777
2997
2130
84329
25526
75838
12368
73703
22591
16548
72858
61641
97418
13920
17112
78407
48305
95347
57314
34769
24171
49834
25674
15635
63352
71261
98443
69683
15385
19508
81228
63161
22504
83357
47489
64381
75547
76208
54435
14489
92756
27292
76130
90173
57564
9593
84931
22220
4939
42244
56988
45461
8430
82661
61096
88133
53922
59538
57816
85658
79045
55395
48818
17900
55103
12659
98632
30649
88866
53066
61490
97973
96710
37619
4497
54273
63563
5780
76492
68501
48023
49831
30313
72804
48844
91408
60937
19117
50946
35104
4774
46342
90498
69943
80594
45600
82601
79225
92601
87819
48643
54090
2143
61704
8060
22992
32328
71622
28771
25171
56474
93145
75001
86786
65949
23844
78194
26885
59312
45491
61988
64085
8184
68837
34028
88777
14436
32980
84354
23388
37150
49348
77477
39293
11051
1888
62284
43378
73509
7406
68548
46334
550
59900
33120
66498
83744
27665
9734
43055
89507
88073
23492
97690
56909
57519
2819
87697
6850
3524
27436
44000
52871
21265
99644
63921
23152
78279
23650
13013
85684
92197
59346
2585
52096
92465
85435
52191
36481
95168
11598
25987
99593
35089
40029
72853
8959
42847
76901
32160
46370
4337
76159
15592
25601
92154
95864
65104
70432
19513
78116
72467
28061
37462
75052
80156
46278
60486
48699
82759
72005
60296
8745
71597
11736
48773
60802
37046
7971
37702
85557
70692
58390
61716
2635
83990
70221
98498
49094
40653
18010
27209
29471
46070
81022
4522
42578
27300
81359
91276
10058
69716
67923
35154
57664
96010
279
18465
49407
24601
72519
34963
95293
30908
13030
97927
14898
83251
96425
80343
40255
30786
23903
69725
76856
4925
90599
19433
48576
88309
27060
74985
58024
11334
10138
15688
7343
26768
50504
73101
51369
23022
8063
63013
53930
37445
77291
85179
20695
90067
81873
77301
20853
5775
63377
14060
27051
70327
49844
91978
58636
76903
66962
33011
4588
77100
48698
28282
20219
15554
1382
71587
38575
25796
50951
92504
63240
28242
94034
83934
18308
75906
61234
55512
81681
40963
69571
25083
11289
35766
17061
69924
29020
84022
19287
33607
77473
84336
61888
97692
99889
63269
85630
38464
89065
36581
47319
52304
81174
41353
52590
99481
17258
30175
71345
15290
71137
57267
40373
82426
93033
57433
68701
22052
57806
87987
55659
51631
72323
33898
65674
72211
97167
67655
27026
2583
4235
74345
71238
1760
15697
40179
17593
49306
70354
88937
64596
57842
46203
4968
56619
39235
78752
41672
61287
52909
29658
33297
4539
18332
67194
70212
6895
80712
37867
33920
99646
58453
24616
70884
76565
40312
27414
94157
89618
14119
83093
54213
71961
45647
75532
44931
84882
70635
86602
62520
23543
32612
95816
28082
50943
63009
14645
57837
43721
68863
8109
43366
43668
32724
30601
20232
73036
74367
14388
79005
88485
13832
49569
76797
59478
41452
21728
60711
12086
8329
23230
35628
40940
35397
80061
8235
98406
11058
66071
58478
96272
74179
18195
56291
6903
65148
76522
96290
39514
7261
91646
27998
37444
57566
4795
13274
99017
42874
73984
11102
67554
13566
63081
8494
48962
59494
16728
63719
70551
99150
38548
83174
73329
56743
39465
96583
38242
32338
92872
77755
39599
869
22104
93394
58434
43250
6667
57450
2475
80651
84903
70029
94216
47983
78522
59529
23828
11601
23248
94378
10750
61795
77552
430
34889
33368
13364
73130
65705
22587
67236
21655
23455
5692
15049
81888
65293
38067
55689
67768
35069
40591
37796
29284
4926
16317
5165
28753
44269
28412
39483
71370
6558
33386
71800
41447
66753
85163
14576
48809
7750
98164
70464
47556
3855
1864
29444
69147
39930
85132
53266
74999
42075
91061
20634
47000
23729
25798
92104
67997
54209
47938
39367
60767
81323
27518
18565
64427
29032
49492
13236
53133
47655
83699
689
67861
85562
30132
53360
41843
31615
6625
16841
73689
97686
37475
37040
37766
79624
45496
5763
50185
93433
61481
10951
74756
88998
45867
39182
34381
95358
68769
87514
59365
52467
88202
43577
54380
18333
96936
96223
49947
19913
29415
39988
33950
66889
93379
71715
46513
38874
93829
96697
32307
55309
23999
7062
60658
86217
62595
95039
81574
31364
82552
57290
182
70753
867
70914
5437
14154
67136
71735
34066
96550
28074
84367
79791
21453
72434
42655
60326
66262
55703
92632
37923
96053
16045
14932
82269
78640
9970
80194
26355
8873
37484
42888
95977
38350
13801
1413
52503
97288
89500
2921
10190
17573
87287
6332
39025
59720
48986
99351
42334
21040
8334
80256
17092
24379
95187
99360
19370
21509
79553
62076
30381
33388
4963
42710
71737
35116
60474
40592
32403
49973
43512
42592
67546
47150
48923
22922
23222
14260
38624
65555
35299
46958
62162
52390
87688
57348
68101
7057
78856
64006
69132
25589
97393
90446
68298
85482
25561
28771
42425
57964
95096
2288
16907
78993
49437
82182
1914
89010
96441
40538
54564
31740
3847
16725
481
91534
90425
84934
14942
85632
48939
425
11220
62683
90870
95869
64516
32783
40992
6940
90746
36087
25579
24004
31431
75016
6185
33344
80377
2626
90233
34941
50717
10431
68017
51197
18316
74793
52482
33257
60425
1420
33681
87996
80455
40903
83865
61322
73685
41208
68262
80782
93646
93840
4785
25076
85207
10970
74771
81936
29947
81356
33228
80663
91786
1244
48211
26454
76037
693
59710
52813
18464
9743
40808
15270
50645
41024
76592
24329
82231
61205
21462
75876
55044
26246
17303
56603
53567
8426
38538
83513
89781
71765
80527
97918
89360
28738
24371
81748
45782
433
34560
80597
10175
91720
95867
60819
32743
72458
1499
31326
33662
22960
23553
5057
65557
40856
78011
19124
49281
32900
2636
55413
21016
83163
53330
26728
28252
94053
8475
74033
94485
59387
70981
4659
67458
66847
81829
200
55656
99679
31525
5669
38990
71430
27078
4546
12285
5088
23669
77917
54340
42657
49681
75355
42171
3010
2082
70422
13414
26909
60806
7898
2647
31786
28908
70104
14985
27088
86655
70640
43118
34532
92661
82107
5961
19738
3005
34597
24825
43025
28865
79164
85681
78545
70871
44203
81554
89304
30976
11320
16212
91781
19217
35210
39919
64477
21665
71255
91564
24672
58246
51034
59203
50906
33140
81515
70643
36144
16111
11820
95521
44975
7335
97553
23519
94557
41756
21424
83861
72731
32743
16424
80864
68312
51634
37134
49140
89650
8388
57055
14321
82985
8088
89875
50243
41228
71389
20885
93723
3851
49056
5595
65177
56391
3148
5047
67299
44903
42823
51159
33985
75565
67583
14848
60228
35568
68333
9367
25217
93072
82774
39538
76057
90861
29412
26299
48440
17153
63535
58515
21003
28943
64109
86180
85333
83608
91226
68983
28510
34048
20142
78847
25965
87724
10046
2544
23291
78379
28263
48507
71450
11036
4396
63858
18248
33808
6508
66688
50960
70043
41554
88314
98985
5662
90845
669
89270
98423
69651
34131
48822
6144
12977
74786
93867
39375
93682
33509
17753
38296
98368
5554
49331
2763
85764
83930
52922
8623
50617
20233
78665
92170
8547
94001
14184
99391
11021
19805
97813
97024
53935
46635
3167
83264
37772
13386
22638
47805
63246
56742
86100
61613
78647
51782
64376
80762
35712
33649
89385
2680
53882
84401
11202
78780
94754
25385
94522
22126
45189
8687
19149
15475
71673
38668
15090
25796
68405
54079
73601
31650
27172
76052
93263
22171
27834
73990
2932
79897
23990
8668
82576
77871
93069
93777
73002
4174
35513
67524
26299
97053
76210
61800
12528
47882
16819
43969
73677
85223
98048
63629
33224
25219
39681
42838
47389
83866
33179
66673
63762
57169
91692
62689
51391
1112
72818
24393
5285
8330
91916
47936
21735
84477
9735
50614
48710
42905
94582
22386
44479
92629
2367
77702
34200
58399
20540
97940
42264
53718
64612
6025
27238
56304
85065
78629
57415
57882
3021
79052
66212
11288
26987
4298
95764
53073
54911
44473
95977
49492
83210
40455
58473
85576
18156
92672
43974
55047
90611
2589
25117
71575
24965
68706
44230
10030
47334
17996
67911
50354
97047
50474
61641
40385
54771
73756
93457
9681
18228
89433
59173
17790
46239
33997
19717
80747
26668
80043
52145
33630
82631
77261
21556
7596
45967
65785
17625
9652
133
1887
60006
97179
52361
37998
53916
7131
28106
47372
33164
46333
53157
8688
64122
99395
42684
191
80141
69351
80233
32286
19332
62863
25898
40888
70458
88216
6672
4434
14220
6804
6321
90577
20335
75033
28574
74250
98515
56679
37973
31678
19364
91129
40365
99837
6876
99400
27
3368
85102
80259
52005
4434
59474
94255
45321
46283
82470
68344
50717
13041
91500
73389
3617
28186
48421
32191
18787
46935
5221
56759
78613
40936
64240
35329
40773
87467
34729
57151
90834
19830
53762
42839
40615
13235
37093
2287
59517
35914
86983
26585
48955
94834
99973
68923
23019
48393
17465
58157
95328
22686
31267
90292
79973
11858
41972
37097
99324
76700
94248
90158
12882
64361
49348
69848
93947
2792
72135
53463
55057
75469
96400
20363
70302
96372
89286
9672
61117
6750
67828
72796
45787
15446
63087
25760
27304
21410
62856
42979
98110
73455
49488
27343
54167
98835
97190
48113
17978
85676
17928
89387
61144
14327
9749
47797
27050
15386
57468
88166
38488
41647
77313
84274
73445
56751
26385
17100
78161
5593
60078
92622
95399
9566
19964
49566
24752
33505
97678
42730
35533
31957
48468
13028
46283
58216
60825
89685
89954
34644
94202
28441
92643
71515
29066
82439
28265
71803
99538
6425
93747
59615
15398
89145
85532
51713
55062
10284
85218
69092
69365
37102
1048
17832
50129
63683
92399
27305
53367
82352
78301
47568
27144
87295
35434
72562
69733
63699
44364
85622
86475
38110
45236
1873
43606
30768
53585
98668
57403
55154
84111
26767
8607
85158
44598
75088
48840
53348
2392
18558
52052
97044
82478
79195
690
17911
68108
86774
81609
12471
72395
84436
66932
33983
2660
26890
81102
72596
41909
38504
44102
26019
81622
52708
11176
42571
27795
76368
95918
46539
11277
47969
43582
93754
43516
60624
11665
11623
47397
9625
40446
19792
10412
23729
70126
13071
50618
51227
2019
8878
6082
46120
34896
87703
98827
62424
46625
42974
55143
42542
89512
66419
6863
49445
60173
66730
10068
88189
78352
57465
97813
35149
93608
8225
58878
80085
37647
25847
31311
39665
34725
53744
2136
85972
57798
963
48395
4422
43936
3537
63315
49799
86308
86529
99243
46480
53258
9311
34668
31610
83127
48832
66758
93086
73408
41987
73170
11055
67834
20832
67071
18910
74575
69207
4881
32372
86521
69628
53145
46808
73164
32811
96606
75823
19340
12200
22302
72597
21510
73321
20558
20988
38505
3668
14073
11912
45654
87242
39318
29839
8073
6389
65100
98999
91947
69981
47722
94819
55960
866
41626
45475
50029
54583
21298
69368
66782
43599
58316
4644
33272
95226
25631
71776
98893
56056
83687
60898
43297
39357
7089
67722
62097
88540
66720
54043
74872
14442
65213
30831
15307
6838
76306
81687
77772
97603
51054
60905
57553
25722
65548
7176
37299
7531
78951
36191
63586
78990
13440
23234
18346
36880
90955
80442
25420
57675
50836
16643
72116
16048
47474
3774
39237
23779
85461
17008
37733
52866
77912
11637
94939
59812
18813
32237
83694
97763
84779
63631
76752
14571
86864
11449
67802
94171
91890
9573
51845
42725
26216
40312
58772
73689
60437
98008
13819
45897
31367
67903
15115
25631
79539
10053
1794
98351
58642
85487
12466
43420
49117
5569
57990
52332
17018
42144
46502
25259
51716
14698
67984
77931
55009
43107
51619
15446
41115
65437
77694
88833
49691
9160
14463
29230
35565
16256
43932
94206
18094
56397
53977
83562
78318
28319
35894
95335
70462
98747
36945
22177
13445
4928
108
84805
64387
51726
250
21853
33515
94296
10685
99557
3455
25148
28786
55371
57755
72718
49576
75849
45466
3553
59410
23783
48223
11655
35469
18684
10402
72414
40860
23846
93693
40967
8650
58079
9045
25252
79931
58911
35899
90616
58467
55705
32115
3605
11076
6221
92674
77003
82069
38139
96907
57831
78274
45129
69485
13742
63812
96238
86155
21024
36435
96200
78342
45085
54278
3738
86688
34209
62648
38938
41176
37467
94642
89642
57423
5717
95862
50096
99072
94283
4586
95978
68465
82859
41107
54301
96601
21270
50539
99107
42293
86973
95306
20635
48409
49584
24372
51448
144
3372
90385
57671
57190
85027
47312
30964
7095
59525
81059
6166
70159
85644
18496
38623
68503
59602
92924
81455
97223
59814
80561
39516
63138
92219
76502
11547
58154
17225
79346
74649
36948
69731
32319
10489
71109
95982
41452
94555
71858
22510
17073
42017
24506
35568
80639
9360
11521
89914
90814
8743
49727
87726
64610
12865
79944
57463
40763
54449
74688
36460
29097
11635
6190
61415
22124
93650
73748
79927
88205
45606
2437
21629
87622
43294
57196
84612
52653
68716
90878
59818
93810
40604
47543
58420
69820
43839
15882
26934
98287
6921
63394
27384
34908
85935
5150
73383
95937
95250
53309
493
40855
72097
22121
44828
15390
79316
29439
68042
64383
20316
27859
58192
77272
91754
16611
63443
35592
32493
6729
50230
55765
70122
77613
90672
72408
99115
64054
68344
94364
17363
68836
51570
89459
90956
96397
4849
86623
42187
89242
51005
78855
33453
9197
72478
25206
25807
35920
77149
74651
42648
27378
30416
29121
4991
37439
1529
20457
1493
86224
14820
18855
71412
66389
24665
78719
79137
29513
65342
21323
35107
16346
16529
68559
41894
89006
10116
84053
41278
87264
58703
83925
14641
5470
29398
35983
42909
47278
56439
60753
49853
87610
79607
21264
70350
4271
99983
49486
50136
65324
87161
1594
98021
20041
70152
56267
9047
96619
40319
50324
83882
15373
50600
98522
20843
96349
34505
80103
43626
7295
40855
93479
94905
36813
14742
81606
57435
31076
31092
23922
12751
34604
25515
27124
54644
12018
83390
80042
8636
23708
46717
92517
39080
97317
91039
76274
93665
41895
56376
53643
65541
13582
47121
60445
50394
78214
58403
7829
25642
5846
31750
38392
40449
73617
65515
11444
85634
48904
7838
94270
88963
54554
86786
28043
68222
94176
4316
78239
52422
77044
31881
17963
90625
95353
94759
57371
89918
53161
81551
15559
59006
29652
70303
15806
3268
35817
27250
88902
1073
51439
83171
6387
5992
69956
34429
74214
80484
55097
52452
32905
48492
684
50867
39116
96036
61978
12838
2305
15138
94388
17864
90496
24040
4518
6301
27307
40334
49902
32560
57758
1340
15730
64145
23684
2038
14925
14249
98873
86373
83052
31777
34864
83735
98996
90332
96122
60973
3169
14778
92462
13909
32641
99309
37948
53510
21962
81606
93844
71863
14166
67953
89555
46247
48449
29590
64636
79726
43838
63508
66098
43241
11637
17314
43327
10632
7645
39448
87956
10813
54225
96769
24721
3218
96078
79020
73079
18039
76978
83274
6253
7495
51227
12159
70093
16027
41748
34729
95752
85585
98236
78202
45177
26224
95515
88503
36855
19511
27950
41162
46675
98527
37931
87748
18096
50360
66767
91174
68398
60096
74448
91002
67590
42026
3161
37683
74404
44908
72411
86508
46845
86998
64709
92021
13222
76575
96876
66428
96085
24825
7590
42759
39703
61872
30506
74150
12231
13625
81676
96980
73720
72475
87981
41310
30852
7493
78992
5255
52401
67754
91762
15597
71103
72822
23969
676
49396
20844
67104
61832
62021
91045
4591
18075
52916
35096
8577
65146
65072
6604
62125
38792
79078
66457
80101
26281
73950
75444
47887
42702
59549
39649
74650
30651
28822
98618
47679
78218
35814
31134
56401
97834
22178
60991
32260
91445
12439
40836
72942
77510
47439
51418
16301
42868
17874
12753
69148
8175
88196
17035
50876
64096
73035
25525
11099
1856
40495
58777
96425
76308
6262
69178
74141
28439
30168
22752
36235
58958
63588
9176
36468
11026
60593
69120
70246
94818
81873
39393
2993
86420
72779
70220
50516
62165
95745
61614
80373
36239
36742
93149
28898
43003
62326
3038
87793
92494
42141
24027
51451
5728
49554
4270
33106
26498
73390
3351
21315
71614
59095
40659
58033
31874
10879
24900
10390
6623
86513
90762
59213
39606
83911
88110
82608
46236
7499
86752
55081
49639
27130
22884
71719
76683
43505
4824
3180
16894
8174
40847
88507
67268
81505
62892
15493
92383
87791
25883
15357
90656
32996
74569
30261
16906
79030
29221
79494
2880
15972
50926
52519
43102
90161
24237
36136
33666
45412
39316
66911
53585
80162
71770
37204
61666
34661
69049
70401
22451
11283
85757
13106
44278
76678
59719
61184
55707
88939
57029
58587
21262
7954
27457
80715
98115
68045
16851
48132
13456
72518
15042
83392
69031
86811
36947
47048
37823
5995
17448
60274
17277
19557
89731
61555
96234
65801
39090
51940
71091
12470
26878
92353
20423
70686
89419
34889
38730
6269
83020
68537
95138
14414
51928
64168
17576
5227
27568
55399
11221
45015
15672
44850
64571
21754
22756
77156
87555
78197
45448
58645
90666
72325
67349
27440
43011
56768
62329
98092
79388
61700
66629
74526
92465
34908
55045
10041
40134
82612
65439
67707
43979
97462
28908
24901
19215
51663
2057
23121
29859
47504
98118
20524
36180
65466
64315
95542
38585
26643
93634
17973
4695
76614
8850
97159
27873
63894
23551
84359
46506
88989
68417
6836
86450
97324
31736
22017
48986
50144
45137
95196
97647
59606
32071
33827
25072
96385
45720
80008
39380
55705
97980
60426
32318
23181
57584
76543
87075
97487
60901
49932
86475
45669
56767
72925
42992
88502
11293
91977
54998
56429
3524
52644
16035
35594
2822
57458
48330
48542
37465
87709
4246
51797
48134
52916
74977
22070
45810
78403
19556
23062
28334
22382
68730
1452
11658
11721
6306
22950
20049
61303
95731
23572
13946
11765
75517
33120
85574
23846
81661
39390
11555
2258
7538
76040
71525
98867
14461
17334
77269
34016
40395
21955
72750
25476
23406
84407
37196
29711
7357
57244
91013
3087
97167
21311
31203
72683
70782
16776
96529
68794
72517
24435
71051
80055
16826
58928
95273
31287
76261
72541
81654
33008
10847
54403
58483
34253
38810
95679
80315
62518
69274
87680
65604
66441
25342
13158
55475
96123
46285
68355
64916
18801
92789
52318
15207
9615
11245
10479
57253
3858
99372
38906
36865
10218
9661
11699
60822
48470
23729
57489
27339
93003
61520
9294
75795
86861
22451
47621
99335
68735
15976
64250
87535
8764
32919
2742
34730
44164
29572
8334
48021
28943
47240
1237
55513
56900
12935
32686
21721
36664
90174
65411
46018
51693
74704
38164
54905
97154
85784
54239
65888
1759
34840
69774
26875
84111
88867
61604
28274
18439
69938
92646
63733
33529
10234
19245
6780
23168
51931
44852
76183
58456
10262
38552
10149
84965
76715
81405
98470
62499
51996
64357
80609
86835
34130
7483
70945
39349
85439
15570
57787
55376
24567
21519
5256
34800
57116
28387
74320
9046
73238
50502
67501
99851
5406
94001
1167
82120
75406
99636
60970
27401
63992
41579
30587
14473
65413
17884
53821
50851
49805
27959
22578
74372
65830
27833
25523
22945
56219
99842
31990
45808
66696
15842
45658
72101
26195
46824
70572
1600
62811
47894
45352
43154
89472
92290
57627
54884
26525
27799
5735
76330
72110
28312
67053
37939
72497
92575
60883
45067
8769
9224
90875
91816
25065
52884
80268
51259
16060
50839
69210
78870
98732
30913
22024
4555
39555
96002
75791
66079
40152
97877
42408
12261
42540
25812
50199
15036
18387
27433
60103
43507
36656
67329
35322
78073
20212
15589
45683
52623
82779
31245
31493
81511
62157
53516
2417
1711
65869
78207
84142
6020
76083
26549
34633
18623
52361
1183
50010
87099
28616
26464
30605
81623
93792
82278
59695
30356
97866
21730
82978
96996
52974
14470
94858
31482
84337
97275
49545
66557
91833
33686
72577
84268
76586
23561
19242
28946
24743
69251
32396
53358
95715
79352
34981
5858
61629
11027
52565
75846
32756
35543
72842
85729
66364
67699
17211
67053
81325
83107
33609
73158
16792
22537
57425
93377
46097
76666
38675
70840
62268
87422
40549
74334
66774
75529
80192
44754
2908
32756
36952
35663
84650
9793
37744
51014
93843
71306
34418
75168
54412
68026
48325
87555
90563
22101
80931
36659
15118
35957
7498
77385
23379
48047
51719
6504
39927
48262
51257
59186
81017
88208
94849
82019
14352
48944
49384
8195
20249
83801
99714
91012
68178
64390
78566
58740
86490
75848
11751
1607
11805
35600
95343
51535
83646
47061
58038
39925
95322
9294
99110
92691
13854
10310
74709
28205
75605
40444
52751
12205
24244
52464
3216
92421
16853
98133
67513
19694
90333
79263
37652
18489
14862
32995
70023
14860
80055
28060
71136
91729
53705
86597
84419
83910
13259
75479
12115
88863
15922
64865
1068
56517
33681
20635
65289
50533
35120
32801
86579
25452
28415
24230
43940
59629
57224
30314
74488
53631
74725
61975
45359
28429
48571
46129
12339
78181
21607
40805
67044
53880
22021
84463
10396
55701
21449
92036
22586
72920
24837
9164
14723
69603
33393
75014
29231
6969
5327
20070
60599
80051
82044
5957
24832
46967
52085
53522
25147
90043
10678
8542
43922
32698
93004
70669
4751
30805
62704
27336
3724
3892
52851
34799
73495
2595
9812
2725
9563
31491
22795
70161
11541
21190
92469
52724
68156
60905
22597
93303
50947
49626
1844
11220
82324
11200
98240
3426
42004
60944
47113
62079
81187
99963
96877
71033
2557
23041
73758
12120
54531
12904
98632
82423
50445
91101
51499
18601
68357
74095
28255
19304
23721
30098
46875
22396
57649
45115
25821
16004
22410
89285
78083
19948
89247
91311
90981
91803
30703
81090
20274
85233
10345
18906
67656
60789
26358
35506
79389
94714
9600
7643
30369
49672
54093
93596
88419
11741
38710
30591
27745
77471
19875
22179
97418
9121
29841
4750
17276
60544
85839
37549
45776
96183
72806
29783
56972
99163
65288
52712
10229
91240
60355
40597
57263
30799
34192
45682
42539
89253
76272
86635
83075
12499
8813
96845
37971
38654
1594
71598
99197
87433
25499
61324
99967
98304
91107
56938
13819
72746
26002
24047
63985
2708
80995
21248
33506
31539
83281
92396
20791
75904
79031
20218
88402
4195
17062
26373
59200
35007
97970
74748
22439
23468
36072
38758
38124
43530
12047
68294
16275
38048
92340
96612
40755
89686
34211
74260
21224
17491
83008
58367
93394
62038
78584
81796
82584
11997
24520
41784
47003
38841
16531
85794
78661
68954
24551
33136
28835
52949
1429
45110
90997
10120
58073
31751
16157
92283
22363
37381
9773
5370
12099
19518
83759
7034
17665
66342
35382
42184
8125
82384
97377
41008
84529
92389
9961
9079
41876
38796
62028
43304
257
69376
69775
74681
17478
85931
66963
39840
39663
93087
61561
68113
12604
45319
75146
30269
11661
26879
88804
36137
9263
2532
93496
93791
11272
3457
19222
53147
58604
97601
12802
75212
83328
82576
49892
805
84859
33206
40645
24521
26292
18557
8986
38895
63876
483
85515
91888
27362
74319
44376
36624
76850
37872
46766
88122
57680
82339
57620
16283
96291
70422
7846
79618
69349
74089
80423
54207
7294
37419
95080
49937
55975
4065
5183
36202
20899
90698
28089
48260
81368
72465
1235
58217
10336
48001
62690
68015
46691
36662
649
42982
7083
24846
38951
76431
98934
19373
46990
22579
73143
42069
88867
45470
62485
94049
81671
83383
84746
26112
31643
66113
98576
49229
40682
25263
13581
19723
9629
60272
56384
26629
19605
79818
67826
58555
72601
66759
94280
19590
5689
67422
61658
94555
12891
40494
88603
10914
23876
89701
37025
71870
72165
51952
21099
29198
93566
34679
65273
19546
11302
38008
46174
30906
17826
13999
5813
90426
97109
92
10015
19149
83865
88024
30055
13108
44869
35009
24021
68744
24709
77397
56966
13226
29348
94416
58775
22913
45446
24047
42458
56748
62055
4983
4005
96232
35333
9817
86657
32441
26260
13023
67941
10125
1046
97995
39584
62266
33003
63604
31009
74064
41000
4326
87289
86699
15093
46063
25963
60539
86462
68420
33638
48516
89754
37642
44747
25086
63811
47755
73878
6422
60777
41818
16546
78174
39812
72481
40439
72814
36084
87799
46877
93435
8477
50517
80133
23569
12932
6095
459
99393
90866
34096
47908
80619
88090
9006
22056
68252
56760
95933
74673
33888
54102
7571
28413
93913
80051
85203
83079
32487
89353
46307
25921
97829
13176
22406
37750
26107
28500
38208
25499
35718
88656
89758
16336
93097
98763
54744
61348
71874
50676
36020
22113
21130
59942
50525
31394
39993
52079
30824
72479
41431
77131
14751
39260
6658
37156
77009
32764
65656
31568
74614
17725
36575
64371
34060
29671
79485
5155
91018
51358
72183
43390
89822
93312
3331
56698
24705
43323
8776
55529
32153
50206
49011
46904
5817
55668
411
82825
4783
82418
30745
79396
142
67319
43766
34202
96990
23250
55708
4359
90959
27890
47748
80780
21201
67431
37477
62258
27105
46252
17786
59258
12809
83148
22513
18626
55167
22923
17802
76301
5341
48546
55696
5482
32217
15813
56035
45558
55414
11743
49916
62724
55984
14016
43503
77185
81446
97331
55794
24902
59934
73579
84159
72742
73078
23023
91367
44596
62298
9169
20896
83990
74066
92943
5823
22634
8755
61858
68191
80520
89952
34459
43243
62287
64826
86745
39471
62623
427
95264
87524
60360
85194
88035
49453
74623
11057
40820
19218
89706
66340
40113
73695
56757
49407
79518
79391
58161
57727
63933
38680
64030
14743
98274
26316
79568
1370
82139
42190
1796
77402
46066
78507
78948
34100
27960
69922
61508
85131
89140
51214
67822
45604
24908
24578
95011
20777
20320
69523
78503
605
24555
42532
15347
22828
85200
11267
24198
67338
53456
42345
61091
99521
20852
40038
49972
48811
26312
11480
50293
15451
62693
18114
77406
3952
59043
88768
24729
95715
74643
3231
96319
99197
62115
28017
38376
47314
39283
78925
31003
9091
21270
92093
24963
42121
48483
74935
7283
74794
86414
57575
6596
65458
92040
84001
69409
67434
89121
94137
63148
63763
13720
75818
79311
92186
3835
34038
55851
43117
12963
86853
68559
34232
78945
93522
92704
27427
68456
99986
2220
71221
73912
25167
36678
65951
9168
6086
33384
14640
16575
12884
94754
46646
88701
74064
55183
8887
24453
11033
68356
37415
14237
36914
71646
9533
30435
64349
53312
15242
80686
71883
86462
54597
97050
39491
36899
6217
61929
86635
37208
78503
15870
31961
41500
4570
22376
96682
29809
46828
24066
98164
84243
38302
35077
72240
47834
81864
52941
1145
97105
33626
73028
99919
4575
86429
39409
57825
8997
1337
60811
46204
96191
76680
78164
37690
97602
16891
50723
27410
63718
74788
25573
64312
13089
77001
52904
77275
75216
5844
94771
88673
55821
84150
4943
60395
70578
44351
34572
79574
62040
95382
42129
58230
72062
20292
12272
69663
53534
79346
97072
33604
54134
38996
97915
83574
32348
50818
77200
23916
73013
71971
12588
28834
72472
17530
5580
59402
78232
40151
38975
40271
35533
81104
14853
23946
17747
43476
9960
87633
22821
7031
21236
93306
62378
19150
76880
11077
86320
54079
34992
59332
42401
63931
88165
14873
81460
10097
90626
76044
50247
29600
16314
2131
27055
47518
42428
61154
7345
52387
48786
30166
75769
70021
23471
38146
5522
16702
65575
91841
70781
566
51173
29533
80849
55689
60757
62308
65785
51382
38351
32384
97334
71017
50866
24388
34886
93294
1893
42231
45680
50678
88748
21449
37050
12218
75946
42572
28920
41520
50764
16052
58438
18288
45584
39286
73977
22693
17945
56113
74074
72648
88496
71407
60016
39362
12147
94901
49007
14039
37131
94686
81069
25878
32486
18118
54448
8432
77041
99719
66303
27805
32122
24740
46092
94057
80377
36420
16749
14674
92533
90823
87321
97380
78581
47336
53093
90727
42236
2099
4766
95719
13137
2186
37948
45622
20303
8747
54053
13696
8465
20356
41500
56938
61447
3943
50995
58176
40363
67743
72849
32895
74917
60169
46626
53498
23856
99719
60576
82443
18169
65341
94513
31305
83878
32461
76927
4181
57559
30979
34228
66024
67686
75727
22961
45485
79669
90307
3660
20031
74402
92860
69277
49318
69380
15903
19167
93235
31973
79743
92029
50141
61435
86542
81446
45313
35354
74724
65845
92912
22054
72
75287
89740
92150
14600
51576
88170
4906
71587
24553
79307
64446
93829
44977
33825
26083
80495
43411
74407
76589
35439
24548
38024
38332
22345
99688
73685
97068
81884
82949
19121
98307
58235
25212
90456
72834
93139
94977
94092
64725
19529
89750
45522
29710
51078
95698
72144
31573
39108
46551
8161
90899
87450
62536
45582
9794
78575
35619
23213
76810
18567
58685
75116
76801
83897
81923
65987
77035
76900
76430
58112
12780
66179
3633
42489
17257
99331
14633
65181
54790
61183
89693
62040
48632
52229
7622
74777
47155
43240
14341
23965
61806
73025
15432
54958
73273
97355
37296
66660
90606
13725
24771
3385
96256
44755
45874
29864
44085
60506
95044
15227
38040
84736
77266
3023
53316
84887
94151
16823
44478
24843
40787
22635
14219
72570
77593
87492
69924
14888
70503
76881
44965
11625
80266
41220
56379
42491
71083
16816
19348
82478
32042
73739
83565
25659
76761
53233
26898
87263
70055
71375
12105
27193
94010
26323
99762
87954
30166
86038
2841
668
62918
64157
12292
59535
21728
68671
18377
9162
1838
54076
91639
50231
27814
75204
75889
20926
44788
2786
8188
14842
90513
20292
42034
84522
62967
58147
72475
93132
44184
91667
10152
23454
72176
22443
99340
93903
7465
17717
3065
9302
71792
94703
59532
15958
86258
51773
36883
47397
54558
45071
62238
45070
81714
20623
45943
61032
78770
34769
54164
39305
42788
80667
79110
14963
3109
78450
8865
26926
12518
11929
52579
661
22984
28463
16618
25593
80235
53501
72990
51144
14923
51579
12566
96636
72202
58508
74020
67323
9629
28183
22979
52416
8849
2089
67378
28309
96890
92594
71586
9407
20875
24165
26419
60210
52627
43037
2154
49213
12889
91495
356
27811
43074
12921
40798
31627
87781
14817
15301
97409
59351
38279
66176
84551
56719
33553
29212
69960
42498
797
95718
63372
24961
22137
23581
93939
81525
25735
43151
94413
17229
43507
22223
76654
72779
79372
8280
60559
94189
39932
74319
69891
78211
40494
54442
51281
74046
83653
21241
16544
84449
16958
96267
25762
55446
36200
19700
36970
61934
62851
31382
95514
6357
69956
88520
79135
49328
13151
56046
59868
53083
30364
29758
47645
70858
551
98925
61255
84203
36517
94150
85004
69827
90417
10765
25272
26616
46816
78594
4901
9666
26327
16766
32374
96283
5285
27861
61962
18436
258
21829
71518
30621
67938
19162
1478
68489
34438
79085
69043
70955
73234
54046
57133
63650
81162
98756
6617
27978
77349
11517
53995
3676
28283
2721
16310
49919
46933
94623
84706
47190
32803
56223
77810
740
91736
95640
69228
26174
74724
38271
13480
64309
8668
86964
27959
89830
85719
34575
34159
63068
62444
4505
83095
7078
7225
15756
56996
54157
10378
41702
1346
43180
14276
95508
60271
6012
91147
29499
48537
82222
84121
78368
46530
9140
65331
90840
98969
51049
41767
49479
30468
4210
53984
29914
27639
61208
45669
84634
31717
72398
42687
33062
31929
73315
28569
92200
95678
36067
38050
44214
34640
22170
38933
97522
31309
4263
4713
46630
71663
46479
12460
2131
67040
66443
32044
94678
44003
94065
95664
75719
82814
38350
25132
14743
28016
53701
6942
23693
6119
44991
67906
57111
83512
6838
70984
31172
27452
75696
94153
99115
38527
6613
17597
5566
73055
65992
244
33409
60056
12259
9127
59222
66960
34259
73964
94976
4311
80905
18668
26781
42247
2926
83891
25758
26115
71226
73281
53567
46922
67434
69033
85448
74046
86629
7365
63452
52620
23960
96861
29028
36218
22339
88249
3178
56597
78564
14505
77259
59468
33172
4040
18066
52449
4282
60175
78564
91860
33455
48482
38781
888
17514
40580
91285
4142
64296
54737
73113
88256
67949
18492
40825
90287
6740
60354
63236
85303
74858
56846
61122
24382
60885
95539
76830
81519
55713
55393
73378
89168
3874
28510
6407
21387
85441
97692
41880
49736
68780
31345
37991
53080
49836
78816
43366
72928
55521
22953
74582
30379
79799
35704
54760
57035
31242
31589
54905
3307
3334
28282
8826
7207
73143
15232
44946
58583
29275
3177
8319
98054
34521
62661
51133
709
57828
10851
73636
13349
50155
48217
43727
29953
272
14838
3340
47866
62778
58244
51172
66111
2878
76349
89670
76020
91580
50967
50955
20855
54143
59273
35260
5016
21933
2745
5724
96113
29947
95711
9461
80101
60279
69539
26406
76903
84376
29745
24768
47153
4340
92291
29616
7217
68639
19285
99589
76570
70251
50543
13776
40745
26167
65388
62112
48099
84484
84187
44211
14430
79897
70023
10882
56528
39561
53639
33430
23936
99735
58197
87441
4075
66839
17056
27643
51829
52692
43583
28398
39294
94125
58526
80038
20291
23913
42150
84742
8396
26336
45304
39177
22585
15327
66410
79112
71239
20049
12541
11527
19783
87089
98967
40209
70279
32374
84204
22107
1417
27786
66856
40710
21911
25381
37099
58553
65645
95600
59646
90392
38288
4950
29568
77224
36628
95978
72687
24218
32378
85227
35744
52160
88667
34710
8721
75297
83435
92924
13755
84851
20709
96962
41912
58971
38695
79011
17524
4339
90962
77169
94731
29249
98470
40650
22824
51449
52979
95510
75667
85356
97088
11410
53868
2106
62472
62588
77402
45906
55511
7508
47109
76219
4470
89020
35190
43164
84382
69065
63854
75344
62585
74936
20944
77407
31938
43768
45207
84916
39277
37225
70272
52717
48635
40491
54822
27458
3078
32224
89715
58588
39731
36823
51158
60552
25843
2699
3715
26576
71763
83921
1919
34348
58856
39215
28106
90793
82982
73312
92061
38610
10537
78684
91326
75523
19174
46148
2980
22251
94723
9046
97190
50805
45869
48347
11357
88063
51046
31423
14638
39160
15343
32909
89859
90551
72123
17964
97695
71456
91276
89755
26417
18164
68438
17743
93686
87611
80242
13017
26213
91316
22062
23402
42120
84282
71749
69828
72344
39146
1251
3334
78305
32945
36242
68164
39847
24716
86127
37542
96171
93754
27296
22587
11917
12086
56681
21954
99696
36922
51322
25909
44589
89736
65662
86709
74017
37410
72888
62713
92907
90490
66046
71212
23435
18639
55727
79633
43354
41853
17174
55876
51959
60822
78462
80227
72907
35143
18533
88954
88416
69854
31214
33005
59589
96876
36065
33606
50637
8952
12670
43544
99442
95067
14755
39228
13705
86833
18860
73410
45037
52386
29285
96995
13207
7746
77222
2465
59240
95754
91418
47656
81959
22632
97012
41548
19507
33076
91505
70143
58379
20526
30038
74172
15592
61144
29751
29296
47976
64963
2705
93013
17348
31989
90007
46906
56086
83580
49370
15326
95685
40787
79333
77644
79770
76344
35543
15628
25771
43399
85771
501
63924
32160
91025
79515
93304
20775
25162
41279
2089
44218
34291
19436
92558
40650
82693
48643
40581
48414
80320
36266
5553
76004
30261
85322
68699
82155
950
94469
25553
3072
11322
5828
35231
2346
85342
44886
23120
10503
86165
25209
71072
36807
60996
63629
93808
60041
12271
34389
8454
8943
87006
30358
84946
33618
15680
53645
15772
32981
64465
57676
52404
75786
63503
3986
78131
65196
48872
17603
92050
51388
59163
63121
4546
36510
26749
98354
12902
55371
49094
21356
64313
36099
51713
49259
69716
83744
2903
1839
33076
67367
75866
85479
59505
39368
89465
37635
20915
54688
71589
12964
6075
47103
92436
26972
83613
19184
25325
96514
74554
74418
34221
55219
10516
2286
4477
96583
86029
23731
14773
19105
91097
90638
20935
50601
46357
26751
4588
67271
81438
92528
96586
3864
39631
89021
30836
23243
24556
72512
36108
15462
46930
86681
70680
73797
88966
75156
86732
91346
15238
1504
10450
6334
8494
47737
73287
54850
74487
94226
38473
72277
3105
35058
76140
42735
24079
23327
82329
64986
12191
34789
80447
59120
21469
51126
49268
10434
42633
35999
1779
57870
53855
28581
80556
78700
76317
70194
33549
67155
80771
72021
39431
83875
23431
31923
26610
63861
71601
25290
28846
83791
60078
9293
42910
81546
76770
8530
8331
19403
44528
10110
93624
14734
38690
74179
93433
31358
60724
43334
98512
41494
31706
54295
25369
71488
86217
68330
35348
57817
9971
64194
41608
70049
89838
869
67946
66607
9398
76277
2361
70278
86386
95985
1363
41427
70163
11148
89136
47239
54481
3999
88732
2538
58293
30452
74026
44509
98781
9373
2326
8752
89918
60285
95152
79755
77505
63097
62714
86903
39373
65074
73532
42110
61058
74894
99888
47573
2393
89023
94811
73225
93022
83542
75763
51314
30346
66140
12175
29126
91864
30852
54229
81782
7488
65732
77888
84992
28829
40601
88246
84553
5675
61777
43015
83084
53023
42902
30656
55415
48277
41818
28640
57650
25360
20754
25315
72057
3245
53841
17534
95108
84692
71763
93241
92179
53846
71129
77171
82674
28081
65416
83579
50107
43545
42945
33191
12919
85846
63846
68333
50474
5664
13324
24475
47375
50429
66142
19431
53673
19982
53316
65133
4674
25078
58373
13204
78924
45853
6726
77949
73934
72142
77879
24040
32038
20823
57230
44956
23021
37428
29640
89846
59443
59316
30673
23169
9744
96814
58951
79769
16795
12266
61253
37820
53696
19625
67376
48971
65478
74101
43271
55763
62594
21150
79802
94631
58324
53384
39586
81344
7163
85578
87542
82957
44893
18214
6125
70988
15027
81427
50756
48173
93692
12008
2345
47387
47985
69720
12709
29814
43820
55980
85576
6414
93481
81729
17396
51804
51464
73334
49500
58626
58911
37041
57934
3803
55254
64058
74790
70280
45484
41898
34804
55528
70257
37148
19266
18241
6867
31975
64406
67039
87954
49981
89804
81434
48062
7199
49589
99525
80532
99088
74503
55794
36128
32436
59596
91381
12846
50738
61660
74681
8987
12816
30208
79243
49963
49474
13836
73182
81448
78241
40220
85753
44574
30023
83538
8987
53573
33126
8511
50457
32214
99365
6250
68341
48153
65846
59722
60998
32935
37733
52030
41921
50548
82238
37515
16863
48063
67702
90044
45862
62295
30263
31614
6868
76637
15151
32206
46561
64628
40716
97017
96841
56433
3267
65182
4585
85464
41255
81934
18398
95339
33963
76670
45887
32552
14184
62749
80614
98238
69144
26475
60532
15758
74440
83751
8746
5942
15956
55306
70570
73023
52323
83762
29455
55589
48943
50391
41052
6549
32324
75801
1888
82639
52470
64126
15190
83005
43226
95804
97594
12369
38630
58125
28126
29422
58227
36871
35363
74182
92176
22284
63557
60850
6046
93011
32790
71340
59754
73841
77889
92077
65993
96128
91067
34814
60253
6257
17819
3478
18412
15412
15846
73393
89889
60323
2814
48115
13545
54529
38649
5720
76812
2205
82922
99209
11567
15711
86901
87672
5904
81141
79749
71896
77268
87167
6710
53872
93423
40880
57349
11834
72643
89546
85227
62531
49868
4392
26998
63412
58920
81998
85483
52084
554
68404
67644
28472
467
54544
16144
6370
52036
12244
78265
29303
99410
1326
83174
92833
42205
56874
21018
31200
46419
22596
10082
96286
26988
53431
76049
2259
35428
61532
54342
35981
46287
21986
64453
46753
92881
80596
53122
44917
9191
47739
90571
8600
49064
90097
1432
7621
46970
38802
38820
9741
61397
65253
22378
88384
18684
98427
90643
54111
59958
61336
6444
22596
99673
70896
69349
8906
67843
22470
70174
77033
86560
77096
1984
35624
67192
19768
59596
30514
58569
14767
40254
19965
80019
62631
24701
98702
77409
31695
52813
53718
9382
59256
76314
9055
46503
45662
17960
30697
84483
4485
24081
71043
81580
26064
23018
48772
45831
82613
95637
20751
97379
52242
57068
93749
31224
81768
92451
8633
29814
45263
62350
39195
20870
38663
64601
83724
676
98912
14420
85159
3396
38500
72553
84976
80915
11922
50099
43098
10886
45735
63848
24616
97976
20915
18364
45551
19034
10814
54183
65199
72428
32885
4394
9649
87899
85346
93372
88575
84258
24143
90085
87653
78994
78989
72628
59909
90910
22726
3006
1795
84812
83205
26410
99139
20472
44773
44690
39505
71939
15224
4704
44366
64460
25449
70367
52359
27146
63738
40933
11403
4233
47369
15408
83226
26357
4387
59486
17266
27113
62491
35412
28276
62048
78173
27415
82519
22945
88456
22023
11235
3679
43078
71953
68139
84878
42319
36849
12024
22408
77781
39778
26640
25149
55185
9866
67857
59572
69351
1474
3036
48194
36885
31311
10241
15057
75077
9111
54353
63532
47485
65588
83563
6915
37540
68053
91792
96210
4901
20167
18617
99033
59945
45257
40533
15129
71474
8389
91052
40824
9862
94087
5369
63098
41750
31961
78154
16826
41071
32506
96710
88556
14445
80272
95470
68336
64676
3613
64545
85928
23780
99514
84960
76
44770
25492
31556
32595
50232
22608
73418
76445
16694
95139
39542
58443
27099
34047
91621
68170
82904
88330
73077
97349
84953
84898
65684
49628
88510
46581
35555
28641
46094
36866
28716
7215
78709
60272
39809
28940
99231
29578
21736
15924
24716
77629
90719
51815
11675
98691
36336
94578
87020
25764
8278
88324
10661
73962
37951
15522
36894
89857
60515
82987
26722
5582
90201
21782
82205
30009
67073
81435
59586
88808
13711
654
66436
20781
52468
94462
19471
5155
89039
22842
30918
13669
11165
41578
87630
65467
73451
40875
55323
33965
23861
98396
39547
30413
20177
21751
76773
87249
19538
52710
92408
33248
53363
75195
54028
22182
69656
73498
27336
75046
96339
58253
88714
23855
16182
92695
89321
5985
33569
44643
39949
73781
59390
95847
20545
79566
33950
97317
83166
53487
66379
75573
86734
36093
50767
57113
58275
36774
46962
1962
11819
59652
76567
16885
83506
9100
9579
72826
15084
43148
33820
55033
33280
93209
50879
53825
89126
84828
67493
88643
54666
50223
80567
57751
86316
47685
14863
60942
84458
61824
62903
12628
21475
55821
29512
4980
64921
39091
94157
80004
98590
27976
51388
48221
37536
2267
2045
43013
3446
85890
31655
74464
36112
12221
32214
38779
59905
47077
16072
60714
25252
78975
73342
46727
51147
2853
68058
16067
58295
78567
12423
56884
6542
63810
5105
60430
82428
23501
3442
2226
25742
35097
76689
78206
63669
8902
16984
23574
72330
33056
84287
97582
28382
73980
60660
95880
76833
28717
11947
35127
7283
24369
8363
30177
88178
29819
6958
86958
53319
10399
89183
95413
45495
65871
73618
25516
74772
6953
49089
63454
56360
49727
61035
1093
23707
21694
96973
16891
66762
25271
68369
90397
65991
76731
36925
70520
6549
43882
57477
76220
54280
46659
71632
16127
12529
45249
41642
3653
68553
7082
67106
24913
56808
28140
26005
96866
66185
39329
30108
32946
64599
98477
23342
30589
75207
60266
1109
81756
4147
74937
74327
74779
21596
45958
90905
34124
7558
48898
54128
76110
55979
21233
1022
29138
65724
43379
42356
31908
99059
72463
81206
63658
70939
20899
10598
46146
81165
28058
44253
1663
2995
18579
76441
24590
80888
83697
75065
88445
32594
29193
80906
4924
66777
98280
34062
32501
41658
76417
80760
40716
48879
61965
20725
19818
82864
47675
82315
80380
75732
42919
98394
78726
77849
91187
19667
58736
74883
94732
63532
23829
40276
44437
28752
7052
42716
62813
39552
725
39229
20312
57793
4460
98628
94869
40629
81491
42543
39295
78222
18275
82213
76616
13352
76413
67802
33019
35148
42684
44102
15031
82864
84377
75819
11616
91428
18535
74428
47332
35611
30009
83995
93403
50820
82622
88272
7800
80465
30814
47094
75038
65440
29306
51653
78792
22070
19454
28162
73569
78490
88615
88599
77705
89343
64417
89320
97122
99303
80100
44453
34914
26460
44799
44668
77279
43773
49291
85078
24237
96457
48523
15626
61896
94180
67279
57039
16249
3084
1552
89817
97925
90166
94767
75630
95860
59183
81301
92982
74838
61400
53786
26103
87859
98585
70770
81489
58709
20061
82918
99297
16517
31440
14922
94764
41971
82200
51803
58219
1636
53354
64387
99560
59872
59153
91541
72083
18336
72842
65064
9525
34241
35202
35627
38452
50138
6396
36292
8846
42808
35562
8142
75676
83353
23063
70440
25324
21615
22242
99894
23250
91947
64281
39161
68170
23433
30702
40253
41768
19895
21668
67644
70487
56869
3270
8938
7006
9666
61582
32203
68825
97143
40344
44501
96847
79759
14940
22170
1373
53533
22064
40974
45479
86344
96486
30001
9776
43539
86605
67896
63433
8272
35539
33920
81493
55161
59209
4850
81178
20790
37053
50002
34284
93748
94502
31131
73506
9441
69652
91230
79325
91715
48555
24804
94410
45041
71156
20538
88579
57760
88433
52012
66031
40323
2283
47523
95483
61491
52373
76660
98633
5777
43014
32916
99524
37515
64046
73030
63308
33698
80611
42632
41764
29166
83787
52526
74206
54942
73063
79136
29053
77847
31147
95084
18169
49781
58958
30004
11272
27682
23015
9904
33458
66028
42819
49334
19895
23217
22363
99554
73266
19325
58537
31381
48490
42324
83906
39047
13617
56968
18183
42670
34814
65681
54105
69335
15462
13062
15690
43085
