7
18
19
25
34
50
51
51
80
87
99
104
105
106
122
122
123
124
128
130
134
146
152
153
159
183
185
189
192
193
198
199
214
217
223
226
226
231
232
267
277
279
292
298
300
310
321
322
337
340
344
356
368
371
372
388
397
403
410
425
445
455
462
472
475
485
489
496
502
510
520
531
550
563
588
594
600
607
608
617
618
622
635
637
652
679
696
704
713
722
725
727
746
755
755
756
763
775
777
789
792
805
809
811
820
837
840
845
847
853
907
926
947
949
951
953
963
985
991
993
996
1040
1084
1106
1116
1123
1145
1156
1172
1209
1218
1228
1232
1255
1257
1258
1260
1285
1305
1349
1365
1380
1381
1392
1393
1407
1407
1433
1449
1451
1453
1462
1462
1482
1500
1505
1507
1515
1537
1562
1565
1585
1588
1597
1600
1601
1604
1609
1625
1654
1655
1682
1689
1692
1712
1723
1727
1733
1742
1750
1784
1793
1794
1804
1813
1821
1822
1845
1862
1869
1884
1906
1916
1916
1939
1939
1950
1958
1962
1963
1970
1974
1981
1991
2008
2015
2034
2043
2050
2068
2086
2094
2098
2099
2122
2141
2142
2151
2168
2168
2171
2175
2189
2197
2198
2201
2221
2231
2256
2259
2274
2293
2302
2303
2351
2362
2362
2378
2383
2394
2398
2406
2413
2420
2421
2423
2438
2440
2462
2464
2480
2521
2534
2535
2539
2551
2566
2574
2575
2577
2596
2604
2608
2619
2620
2630
2633
2664
2687
2703
2703
2712
2716
2741
2755
2781
2792
2793
2840
2846
2880
2883
2891
2895
2896
2901
2904
2911
2956
2970
2974
2982
2989
2997
3003
3004
3015
3040
3049
3052
3054
3072
3076
3095
3098
3101
3103
3113
3131
3148
3148
3153
3162
3166
3169
3176
3189
3192
3194
3202
3207
3208
3217
3241
3245
3259
3285
3291
3296
3309
3316
3331
3338
3346
3353
3363
3364
3372
3397
3398
3414
3427
3428
3436
3438
3441
3446
3453
3467
3494
3521
3522
3531
3548
3563
3563
3568
3582
3605
3613
3625
3631
3647
3674
3675
3682
3695
3698
3710
3752
3763
3763
3778
3802
3804
3806
3809
3810
3815
3818
3831
3854
3855
3873
3898
3901
3906
3908
3933
3934
3935
3954
3966
3988
3989
3994
4008
4010
4017
4018
4033
4034
4052
4058
4063
4072
4074
4076
4079
4081
4086
4092
4095
4104
4112
4121
4124
4134
4138
4149
4153
4164
4193
4197
4199
4219
4241
4252
4263
4287
4293
4295
4306
4310
4317
4343
4346
4398
4402
4403
4404
4430
4439
4460
4466
4487
4506
4513
4519
4520
4522
4523
4535
4548
4554
4570
4573
4590
4602
4614
4624
4627
4630
4634
4655
4663
4664
4669
4673
4711
4722
4722
4735
4735
4743
4755
4758
4769
4777
4779
4784
4792
4798
4839
4861
4876
4890
4893
4893
4908
4916
4941
4973
4973
4984
5004
5013
5019
5019
5023
5023
5031
5047
5049
5053
5067
5076
5087
5091
5102
5120
5131
5160
5196
5201
5220
5237
5257
5260
5267
5272
5274
5285
5292
5293
5308
5314
5315
5322
5330
5336
5337
5345
5358
5358
5360
5364
5371
5374
5375
5376
5386
5405
5413
5413
5426
5474
5479
5480
5519
5537
5543
5558
5563
5563
5569
5586
5589
5593
5597
5604
5605
5613
5616
5623
5625
5633
5640
5643
5653
5661
5676
5678
5678
5694
5704
5706
5717
5725
5725
5727
5727
5744
5761
5778
5779
5788
5794
5802
5804
5810
5825
5832
5848
5854
5856
5875
5947
5960
5963
5971
5978
5994
6007
6007
6010
6030
6034
6055
6094
6103
6111
6112
6115
6123
6133
6157
6167
6171
6197
6218
6229
6231
6248
6252
6259
6260
6260
6268
6302
6317
6337
6359
6377
6391
6403
6418
6421
6448
6460
6471
6498
6507
6511
6516
6539
6539
6546
6549
6578
6598
6611
6629
6631
6634
6634
6635
6657
6658
6662
6668
6674
6677
6684
6696
6707
6709
6713
6718
6737
6742
6770
6795
6799
6813
6815
6827
6838
6855
6864
6873
6924
6925
6925
6928
6929
6931
6956
6972
6973
6973
6975
6977
6979
6985
6994
7002
7013
7022
7034
7044
7045
7049
7073
7078
7091
7097
7109
7125
7125
7133
7136
7153
7158
7174
7182
7205
7207
7214
7217
7218
7222
7277
7310
7319
7331
7335
7360
7373
7385
7392
7395
7408
7422
7431
7441
7478
7483
7491
7497
7500
7502
7503
7503
7507
7510
7524
7526
7529
7565
7570
7584
7598
7605
7625
7660
7670
7670
7671
7686
7750
7777
7792
7811
7817
7842
7855
7860
7869
7880
7896
7923
7925
7926
7938
7939
7945
7979
7990
8007
8011
8023
8038
8038
8039
8041
8047
8089
8092
8124
8129
8129
8130
8136
8156
8176
8207
8209
8213
8217
8230
8239
8256
8268
8269
8291
8293
8305
8319
8328
8339
8347
8356
8364
8370
8379
8415
8422
8444
8447
8450
8456
8467
8481
8483
8490
8516
8526
8528
8530
8535
8538
8547
8548
8549
8553
8570
8573
8575
8579
8580
8592
8597
8613
8614
8617
8621
8622
8625
8665
8669
8676
8684
8686
8686
8687
8691
8704
8705
8708
8736
8744
8776
8785
8795
8800
8816
8827
8834
8840
8841
8845
8854
8865
8865
8882
8893
8903
8905
8906
8912
8917
8918
8926
8954
8962
8977
9006
9006
9011
9012
9030
9048
9057
9061
9062
9082
9083
9087
9103
9104
9114
9117
9119
9128
9128
9138
9144
9148
9150
9180
9183
9191
9207
9211
9230
9253
9255
9256
9258
9269
9319
9325
9327
9328
9339
9357
9366
9368
9372
9385
9386
9389
9397
9410
9418
9450
9471
9476
9490
9490
9504
9512
9541
9555
9570
9585
9589
9595
9597
9607
9615
9636
9662
9674
9676
9679
9681
9697
9709
9714
9719
9720
9724
9729
9737
9737
9744
9748
9748
9755
9762
9764
9774
9777
9784
9813
9817
9819
9823
9825
9838
9848
9855
9884
9887
9901
9916
9936
9942
9961
9969
9978
9979
9993
9995
9996
10000
10025
10026
10036
10049
10076
10089
10092
10094
10098
10101
10118
10129
10136
10143
10149
10181
10185
10204
10207
10213
10252
10260
10269
10278
10281
10290
10291
10298
10306
10306
10309
10316
10320
10330
10380
10384
10390
10395
10409
10412
10420
10420
10423
10432
10445
10450
10452
10462
10473
10486
10495
10546
10548
10567
10569
10574
10582
10594
10594
10596
10603
10612
10616
10619
10628
10639
10648
10663
10672
10673
10673
10688
10693
10694
10698
10714
10714
10722
10724
10732
10741
10744
10758
10761
10765
10772
10774
10775
10778
10779
10791
10792
10803
10815
10824
10828
10830
10830
10835
10847
10851
10857
10903
10905
10909
10932
10940
10973
10978
10983
10986
11010
11027
11046
11047
11049
11056
11061
11065
11071
11072
11079
11080
11087
11112
11112
11114
11134
11147
11149
11183
11183
11199
11219
11225
11240
11250
11254
11259
11267
11272
11274
11283
11285
11294
11314
11318
11327
11333
11340
11341
11342
11345
11352
11358
11359
11362
11364
11369
11388
11392
11393
11398
11403
11424
11427
11428
11448
11451
11452
11459
11480
11493
11497
11504
11514
11523
11523
11554
11570
11583
11607
11608
11625
11663
11668
11670
11672
11683
11694
11716
11721
11728
11735
11743
11745
11754
11763
11767
11769
11775
11776
11777
11784
11805
11809
11809
11809
11817
11821
11824
11832
11844
11845
11864
11894
11899
11908
11911
11929
11954
11958
11978
11987
11989
11990
12003
12006
12008
12010
12011
12021
12030
12037
12044
12048
12059
12075
12116
12120
12136
12154
12185
12207
12208
12217
12220
12239
12250
12255
12287
12287
12299
12325
12325
12328
12336
12353
12357
12377
12389
12391
12395
12399
12400
12434
12443
12447
12455
12459
12467
12477
12481
12489
12500
12504
12508
12510
12513
12528
12534
12535
12536
12555
12568
12576
12576
12594
12609
12610
12612
12619
12625
12627
12642
12672
12684
12684
12691
12695
12708
12708
12711
12716
12724
12748
12759
12764
12770
12795
12808
12820
12824
12827
12844
12847
12850
12855
12859
12860
12879
12882
12883
12887
12912
12918
12932
12941
12945
12952
12962
12964
12972
12994
12998
13023
13061
13065
13069
13080
13090
13130
13131
13164
13174
13206
13208
13211
13215
13220
13271
13280
13287
13293
13306
13319
13344
13366
13395
13427
13427
13430
13447
13463
13463
13473
13500
13507
13508
13513
13515
13543
13553
13568
13589
13593
13606
13614
13630
13639
13646
13651
13653
13666
13670
13707
13709
13712
13720
13730
13731
13741
13744
13747
13749
13751
13754
13756
13769
13776
13777
13797
13811
13815
13834
13839
13845
13847
13858
13863
13876
13878
13900
13904
13924
13937
13938
13987
13992
13997
14005
14012
14016
14058
14083
14090
14115
14117
14118
14124
14130
14134
14136
14154
14157
14161
14174
14175
14182
14208
14216
14219
14235
14236
14246
14248
14252
14268
14283
14285
14290
14292
14292
14302
14309
14333
14335
14346
14347
14370
14396
14416
14440
14448
14451
14455
14464
14477
14495
14504
14511
14531
14551
14556
14560
14563
14568
14579
14593
14593
14596
14617
14631
14677
14677
14688
14699
14705
14706
14728
14728
14733
14737
14762
14765
14770
14770
14781
14784
14784
14784
14792
14794
14795
14796
14801
14827
14838
14844
14846
14850
14857
14859
14869
14890
14892
14932
14937
14950
14957
14961
14976
14976
14997
15000
15034
15039
15049
15050
15052
15053
15060
15063
15073
15075
15085
15103
15112
15127
15128
15131
15151
15153
15165
15191
15193
15198
15211
15215
15218
15224
15228
15234
15246
15253
15257
15276
15309
15310
15311
15313
15336
15360
15361
15387
15412
15415
15424
15434
15434
15436
15436
15438
15454
15476
15494
15512
15517
15520
15526
15560
15576
15579
15586
15601
15604
15625
15628
15631
15635
15635
15644
15647
15647
15662
15682
15688
15693
15696
15719
15730
15742
15745
15755
15756
15759
15764
15764
15771
15781
15789
15790
15793
15796
15796
15797
15802
15865
15867
15880
15892
15892
15899
15932
15947
15957
15958
15963
15976
15986
16023
16024
16062
16067
16070
16071
16079
16083
16086
16097
16101
16105
16111
16121
16125
16130
16135
16156
16156
16157
16176
16189
16193
16195
16212
16214
16229
16241
16247
16250
16257
16301
16320
16329
16344
16352
16362
16368
16385
16399
16407
16411
16411
16412
16414
16425
16437
16441
16442
16442
16448
16449
16457
16459
16465
16481
16487
16509
16512
16514
16516
16528
16545
16556
16580
16595
16596
16608
16610
16639
16653
16663
16663
16666
16682
16688
16693
16720
16724
16725
16725
16734
16743
16745
16745
16751
16757
16778
16778
16803
16810
16813
16831
16834
16855
16870
16871
16888
16896
16912
16912
16927
16935
16940
16970
16973
16988
16998
16999
17001
17012
17023
17036
17060
17062
17092
17099
17125
17132
17147
17147
17149
17155
17155
17173
17177
17178
17188
17198
17227
17229
17244
17248
17256
17258
17261
17261
17308
17312
17313
17321
17327
17331
17347
17357
17368
17375
17401
17411
17414
17433
17452
17468
17473
17476
17483
17485
17486
17492
17494
17494
17496
17504
17505
17524
17529
17530
17533
17538
17541
17541
17554
17560
17586
17623
17631
17657
17660
17678
17680
17680
17681
17696
17702
17705
17751
17753
17755
17770
17775
17785
17791
17801
17804
17805
17824
17837
17847
17860
17879
17885
17892
17895
17897
17903
17914
17916
17940
17941
17944
17961
17976
17987
18001
18041
18052
18056
18070
18072
18079
18086
18100
18100
18124
18132
18176
18178
18195
18197
18202
18217
18221
18235
18242
18290
18293
18299
18300
18338
18348
18355
18364
18368
18376
18385
18393
18422
18424
18427
18436
18462
18463
18468
18475
18494
18509
18578
18578
18580
18599
18612
18624
18635
18642
18650
18666
18683
18685
18703
18721
18726
18729
18730
18735
18736
18738
18738
18745
18757
18762
18781
18785
18786
18794
18799
18813
18815
18818
18832
18835
18836
18841
18847
18850
18853
18884
18895
18905
18909
18915
18917
18923
18931
18934
18943
18947
18958
18958
18960
19004
19009
19013
19027
19032
19046
19047
19051
19067
19082
19089
19105
19113
19122
19137
19148
19165
19180
19181
19183
19184
19189
19209
19220
19254
19256
19258
19268
19277
19279
19286
19296
19296
19304
19311
19312
19314
19317
19317
19317
19321
19323
19324
19325
19344
19367
19373
19375
19378
19380
19410
19421
19426
19430
19442
19442
19443
19448
19466
19470
19474
19490
19499
19499
19515
19519
19522
19530
19558
19565
19582
19587
19605
19624
19640
19656
19666
19677
19702
19713
19721
19722
19731
19752
19754
19762
19765
19769
19769
19772
19810
19821
19823
19824
19833
19846
19880
19889
19889
19911
19914
19929
19935
19942
19944
19944
19962
19974
19975
19976
19981
19987
19990
20008
20028
20029
20037
20048
20048
20056
20067
20069
20071
20077
20087
20090
20112
20118
20123
20128
20131
20157
20159
20183
20186
20202
20209
20234
20361
20363
20365
20366
20381
20383
20389
20400
20412
20439
20442
20455
20464
20479
20491
20527
20532
20539
20569
20575
20591
20591
20598
20602
20612
20621
20632
20634
20634
20645
20677
20680
20681
20682
20687
20689
20702
20708
20722
20726
20740
20757
20762
20788
20793
20819
20820
20826
20831
20832
20865
20867
20877
20889
20898
20898
20901
20921
20951
20957
20961
20968
20977
20983
20992
20994
20995
20998
21013
21041
21041
21042
21055
21064
21068
21084
21116
21119
21123
21128
21131
21131
21136
21140
21182
21190
21193
21195
21199
21209
21209
21214
21263
21282
21295
21300
21304
21308
21311
21329
21332
21339
21365
21373
21376
21380
21396
21396
21399
21403
21404
21419
21432
21443
21480
21481
21483
21514
21518
21519
21519
21522
21530
21535
21553
21556
21558
21568
21571
21583
21592
21598
21604
21606
21619
21622
21647
21651
21655
21658
21668
21668
21671
21675
21701
21703
21703
21706
21719
21722
21726
21732
21743
21784
21811
21815
21816
21817
21832
21839
21845
21864
21875
21881
21882
21883
21887
21908
21927
21940
21945
21955
21956
21962
21971
21979
22030
22033
22035
22052
22053
22083
22109
22109
22114
22120
22131
22135
22143
22168
22176
22187
22196
22198
22200
22201
22206
22210
22220
22223
22261
22266
22268
22281
22295
22305
22318
22323
22327
22337
22337
22345
22349
22377
22382
22392
22398
22399
22402
22404
22404
22407
22422
22424
22424
22435
22510
22519
22546
22549
22562
22577
22591
22593
22593
22595
22640
22641
22642
22657
22659
22660
22668
22711
22715
22727
22790
22809
22820
22823
22824
22846
22852
22878
22889
22892
22909
22921
22933
22938
22941
22977
22987
22997
23000
23003
23045
23048
23052
23059
23073
23087
23097
23114
23118
23146
23150
23171
23175
23180
23191
23207
23210
23254
23265
23281
23299
23312
23322
23353
23355
23359
23363
23364
23374
23393
23407
23421
23432
23466
23474
23483
23485
23492
23494
23504
23526
23530
23544
23544
23568
23574
23577
23590
23595
23602
23603
23604
23610
23638
23638
23649
23660
23666
23690
23713
23726
23732
23738
23751
23758
23796
23810
23820
23822
23832
23875
23877
23883
23897
23898
23902
23903
23905
23910
23911
23923
23924
23925
23949
23951
23968
23970
23982
23993
24004
24025
24039
24050
24062
24109
24114
24124
24128
24132
24140
24154
24180
24189
24193
24202
24230
24232
24241
24243
24254
24260
24285
24293
24294
24295
24326
24338
24344
24352
24373
24387
24388
24420
24423
24439
24490
24510
24515
24529
24534
24538
24563
24604
24609
24609
24620
24622
24642
24642
24647
24651
24660
24661
24668
24679
24682
24685
24692
24699
24701
24705
24711
24723
24727
24737
24743
24751
24753
24765
24767
24780
24787
24806
24810
24819
24826
24861
24888
24898
24899
24901
24901
24908
24920
24938
24949
24952
24955
24964
24965
24980
24984
24999
24999
25000
25001
25004
25013
25016
25016
25022
25022
25028
25034
25055
25058
25060
25065
25074
25074
25081
25086
25103
25103
25144
25152
25154
25157
25170
25178
25185
25191
25199
25207
25215
25215
25238
25246
25253
25263
25264
25282
25308
25318
25326
25336
25370
25372
25378
25380
25402
25405
25410
25413
25419
25419
25427
25434
25444
25448
25463
25473
25509
25536
25541
25555
25573
25591
25592
25594
25608
25650
25667
25672
25686
25692
25692
25694
25696
25698
25708
25709
25711
25712
25726
25751
25764
25768
25770
25774
25789
25800
25819
25824
25829
25866
25878
25884
25920
25926
25934
25949
25955
25970
25975
25977
25987
25989
26005
26019
26047
26052
26054
26065
26075
26090
26122
26128
26143
26150
26155
26160
26209
26222
26256
26268
26276
26281
26287
26289
26298
26298
26299
26303
26306
26315
26352
26369
26389
26397
26397
26407
26426
26447
26447
26462
26508
26510
26520
26520
26529
26536
26539
26559
26561
26567
26607
26614
26635
26645
26645
26646
26657
26660
26689
26690
26696
26712
26753
26760
26766
26781
26807
26809
26811
26812
26814
26814
26843
26854
26865
26890
26892
26903
26910
26912
26921
26932
26934
26939
26942
26947
26951
26986
26995
27009
27013
27027
27038
27040
27044
27049
27083
27086
27088
27107
27114
27116
27122
27133
27134
27138
27149
27154
27197
27222
27222
27247
27257
27260
27271
27282
27287
27299
27308
27318
27324
27330
27335
27353
27355
27361
27371
27371
27385
27403
27408
27410
27419
27425
27428
27432
27434
27447
27452
27455
27461
27462
27465
27473
27494
27501
27514
27518
27520
27533
27534
27548
27558
27569
27571
27576
27587
27600
27608
27620
27633
27645
27649
27669
27695
27698
27703
27706
27707
27720
27722
27738
27748
27774
27792
27797
27800
27859
27861
27862
27865
27872
27875
27891
27893
27924
27933
27935
27936
27945
27946
27947
27959
27963
27963
27965
27967
27977
27982
27982
27999
28002
28003
28004
28005
28013
28022
28025
28053
28074
28076
28078
28079
28103
28135
28140
28150
28162
28169
28176
28177
28192
28217
28222
28229
28232
28238
28244
28245
28255
28293
28306
28317
28322
28379
28380
28385
28398
28400
28400
28402
28417
28426
28450
28454
28456
28462
28486
28508
28511
28511
28515
28525
28527
28531
28533
28535
28551
28562
28576
28580
28590
28613
28629
28634
28638
28639
28640
28663
28663
28688
28719
28727
28761
28762
28764
28775
28775
28784
28803
28803
28804
28808
28840
28843
28860
28867
28876
28891
28901
28924
28929
28943
28946
28957
28972
28984
28988
28991
28995
29017
29058
29062
29064
29066
29072
29081
29108
29109
29118
29123
29129
29129
29132
29150
29154
29158
29161
29194
29200
29219
29230
29259
29261
29264
29275
29285
29300
29305
29310
29314
29318
29322
29326
29327
29363
29367
29390
29392
29393
29394
29396
29398
29405
29409
29416
29431
29435
29435
29447
29452
29460
29467
29472
29475
29478
29490
29491
29499
29502
29513
29517
29526
29556
29557
29562
29568
29577
29580
29598
29598
29600
29618
29624
29626
29639
29647
29656
29660
29667
29682
29686
29690
29693
29704
29707
29715
29721
29737
29745
29801
29808
29816
29819
29831
29832
29833
29853
29878
29882
29885
29892
29901
29911
29915
29922
29924
29925
29927
29946
29959
29969
29973
29988
29992
30013
30030
30047
30058
30061
30073
30076
30083
30086
30088
30090
30099
30106
30129
30153
30159
30161
30163
30172
30209
30215
30227
30236
30241
30244
30271
30290
30292
30306
30319
30328
30340
30345
30368
30378
30384
30388
30397
30404
30413
30414
30414
30414
30423
30427
30428
30438
30450
30460
30464
30467
30468
30468
30482
30493
30499
30504
30510
30529
30534
30557
30559
30561
30567
30569
30571
30577
30589
30612
30645
30645
30651
30658
30667
30667
30681
30681
30690
30695
30733
30742
30753
30753
30757
30759
30765
30770
30790
30807
30824
30846
30854
30864
30867
30888
30890
30896
30899
30908
30912
30916
30938
30946
30951
30961
30969
30972
30973
30976
30982
30991
30997
31001
31015
31028
31046
31050
31055
31058
31065
31074
31084
31087
31103
31112
31127
31134
31145
31159
31160
31164
31171
31187
31214
31217
31255
31271
31272
31273
31277
31278
31287
31290
31291
31296
31297
31303
31304
31305
31341
31351
31356
31360
31366
31395
31415
31428
31434
31442
31444
31448
31452
31454
31469
31479
31498
31499
31505
31506
31529
31538
31543
31565
31567
31570
31603
31603
31611
31640
31645
31650
31653
31654
31677
31703
31712
31723
31737
31748
31749
31758
31758
31766
31768
31785
31807
31813
31818
31819
31825
31826
31845
31870
31879
31899
31905
31908
31918
31927
31928
31942
31958
31965
31973
31975
31980
31989
31997
32002
32003
32043
32045
32069
32070
32079
32089
32105
32111
32125
32137
32137
32151
32170
32177
32177
32178
32184
32195
32204
32209
32235
32245
32249
32271
32284
32288
32293
32301
32313
32325
32349
32358
32382
32387
32394
32418
32424
32427
32429
32432
32446
32453
32453
32457
32459
32467
32472
32487
32491
32519
32521
32538
32556
32558
32575
32579
32584
32586
32596
32608
32612
32656
32662
32677
32688
32692
32723
32723
32739
32744
32751
32764
32769
32781
32785
32817
32821
32829
32829
32833
32838
32840
32848
32856
32859
32875
32882
32885
32888
32891
32901
32913
32918
32931
32934
32936
32941
32970
32978
32986
32997
33036
33041
33078
33084
33089
33091
33096
33125
33164
33185
33194
33200
33205
33206
33217
33252
33263
33264
33277
33292
33313
33317
33321
33326
33342
33345
33359
33360
33380
33385
33392
33399
33403
33427
33437
33447
33489
33496
33519
33531
33564
33596
33597
33602
33612
33623
33627
33629
33636
33639
33644
33658
33660
33668
33669
33672
33673
33690
33698
33714
33720
33720
33721
33758
33758
33772
33772
33774
33780
33783
33788
33795
33799
33799
33800
33802
33812
33819
33826
33838
33848
33859
33864
33864
33883
33887
33897
33907
33915
33916
33946
33949
33964
33965
34002
34012
34013
34029
34033
34034
34037
34039
34049
34071
34073
34083
34117
34121
34125
34132
34138
34167
34189
34232
34242
34256
34261
34270
34273
34284
34285
34290
34323
34328
34333
34337
34340
34361
34361
34375
34384
34388
34388
34388
34397
34411
34414
34414
34426
34428
34431
34433
34438
34447
34465
34470
34471
34478
34485
34498
34507
34535
34568
34574
34578
34585
34598
34604
34608
34617
34624
34628
34640
34650
34652
34673
34679
34691
34710
34720
34750
34756
34771
34777
34779
34808
34811
34815
34824
34833
34841
34843
34849
34877
34884
34886
34887
34896
34903
34904
34909
34921
34928
34934
34935
34939
34943
34951
34956
34957
34961
34975
34993
35006
35015
35022
35022
35031
35058
35059
35069
35085
35089
35101
35124
35137
35145
35155
35168
35170
35179
35184
35219
35223
35226
35234
35235
35245
35248
35253
35258
35270
35286
35287
35296
35307
35312
35327
35327
35328
35330
35337
35339
35340
35358
35362
35365
35391
35405
35409
35414
35414
35414
35433
35433
35436
35457
35466
35497
35502
35521
35528
35532
35555
35565
35566
35575
35598
35600
35624
35625
35650
35654
35658
35668
35693
35694
35701
35724
35731
35739
35756
35759
35760
35774
35775
35789
35797
35809
35820
35833
35833
35837
35846
35850
35894
35901
35920
35925
35939
35941
35942
35955
35973
35978
35990
35993
36004
36023
36033
36050
36075
36102
36103
36104
36108
36110
36111
36118
36121
36128
36130
36146
36148
36172
36173
36180
36186
36201
36207
36215
36228
36241
36255
36260
36275
36304
36314
36317
36321
36326
36327
36327
36330
36333
36337
36361
36370
36403
36404
36417
36427
36454
36456
36459
36459
36473
36497
36498
36504
36510
36510
36519
36523
36537
36554
36562
36578
36589
36594
36596
36597
36599
36602
36604
36610
36618
36619
36645
36661
36683
36712
36734
36734
36746
36757
36788
36794
36814
36835
36835
36851
36873
36887
36890
36920
36925
36943
36945
36966
36978
36979
36979
36982
36986
37005
37030
37030
37038
37038
37042
37046
37070
37082
37085
37089
37103
37107
37123
37139
37146
37163
37170
37170
37183
37185
37196
37199
37204
37213
37232
37233
37245
37245
37245
37253
37273
37273
37274
37284
37301
37302
37306
37307
37316
37321
37328
37332
37339
37344
37349
37352
37354
37377
37383
37392
37393
37400
37405
37408
37414
37417
37417
37425
37425
37438
37440
37456
37457
37461
37475
37493
37494
37496
37521
37530
37539
37542
37545
37546
37546
37553
37561
37565
37568
37577
37580
37592
37603
37604
37623
37637
37649
37649
37667
37672
37673
37680
37689
37692
37713
37762
37773
37796
37797
37802
37823
37834
37834
37834
37836
37851
37857
37864
37865
37877
37888
37932
37943
37958
37960
37981
38009
38041
38041
38050
38060
38064
38066
38081
38081
38084
38100
38110
38111
38111
38113
38122
38126
38127
38162
38182
38184
38184
38201
38206
38216
38229
38249
38275
38286
38290
38292
38299
38300
38304
38311
38312
38323
38337
38347
38349
38367
38371
38372
38375
38383
38385
38403
38406
38406
38420
38448
38455
38456
38468
38473
38477
38479
38479
38481
38481
38498
38517
38549
38551
38555
38561
38567
38580
38584
38590
38609
38624
38646
38651
38695
38702
38716
38729
38744
38746
38746
38748
38754
38756
38774
38792
38795
38810
38822
38825
38863
38874
38875
38877
38878
38893
38900
38925
38944
38948
38964
38981
38982
39008
39021
39028
39092
39101
39104
39107
39130
39137
39141
39144
39179
39187
39208
39214
39214
39215
39215
39219
39233
39255
39260
39261
39268
39283
39295
39310
39314
39323
39333
39374
39377
39388
39390
39396
39427
39465
39472
39475
39538
39540
39547
39549
39561
39563
39578
39581
39587
39596
39599
39609
39611
39634
39656
39660
39662
39662
39673
39674
39699
39709
39712
39715
39725
39742
39751
39756
39757
39773
39776
39795
39801
39814
39853
39858
39861
39864
39865
39865
39868
39870
39874
39881
39906
39916
39918
39924
39945
39950
39974
39974
39976
39987
39988
39993
39997
40007
40009
40024
40025
40027
40028
40044
40047
40053
40069
40079
40096
40101
40110
40131
40131
40148
40153
40162
40167
40201
40212
40213
40218
40219
40225
40227
40232
40267
40275
40275
40276
40295
40327
40330
40333
40344
40360
40366
40370
40378
40381
40385
40388
40392
40419
40420
40464
40464
40473
40477
40480
40481
40487
40501
40515
40516
40528
40531
40543
40582
40586
40587
40599
40618
40621
40631
40632
40647
40654
40666
40668
40670
40675
40676
40710
40712
40719
40720
40722
40732
40735
40759
40771
40779
40792
40801
40812
40817
40820
40821
40829
40851
40900
40919
40932
40933
40948
40995
41049
41051
41053
41054
41055
41099
41106
41111
41113
41116
41151
41153
41162
41187
41209
41224
41226
41245
41248
41256
41258
41263
41277
41286
41290
41302
41310
41313
41321
41331
41355
41361
41373
41394
41412
41432
41433
41434
41439
41439
41447
41482
41490
41513
41513
41521
41523
41557
41568
41572
41591
41602
41603
41626
41637
41644
41648
41649
41656
41698
41704
41720
41724
41725
41740
41754
41755
41762
41832
41842
41856
41863
41865
41875
41883
41894
41899
41904
41910
41911
41919
41922
41933
41935
41943
41952
41959
41969
41985
41988
41989
41994
42008
42035
42066
42069
42079
42099
42113
42114
42128
42161
42162
42169
42185
42197
42219
42224
42233
42238
42240
42248
42271
42275
42281
42319
42320
42324
42350
42354
42364
42366
42385
42395
42404
42407
42408
42424
42431
42432
42443
42449
42457
42466
42489
42492
42506
42512
42532
42542
42552
42567
42570
42588
42600
42626
42641
42655
42656
42672
42715
42716
42723
42729
42746
42749
42763
42767
42770
42777
42780
42809
42819
42823
42826
42826
42851
42854
42862
42867
42874
42875
42896
42933
42936
42940
42961
42971
42978
42984
42994
43022
43024
43039
43043
43048
43073
43107
43125
43162
43166
43170
43181
43188
43200
43206
43208
43235
43246
43251
43265
43278
43284
43284
43291
43302
43319
43331
43336
43337
43348
43388
43399
43408
43413
43425
43439
43476
43478
43485
43488
43505
43507
43536
43559
43574
43575
43595
43596
43606
43623
43623
43638
43672
43695
43697
43699
43700
43701
43740
43746
43758
43762
43763
43770
43771
43776
43777
43805
43821
43823
43838
43839
43856
43857
43857
43882
43891
43909
43910
43916
43916
43924
43934
43949
43950
43972
43985
43989
44015
44016
44042
44077
44091
44110
44114
44115
44117
44132
44144
44153
44159
44175
44185
44191
44192
44199
44228
44237
44243
44243
44246
44255
44259
44265
44296
44303
44304
44332
44333
44343
44355
44367
44372
44382
44397
44400
44409
44431
44442
44462
44466
44486
44513
44518
44521
44530
44532
44541
44546
44554
44555
44560
44562
44566
44584
44617
44622
44626
44633
44637
44666
44667
44669
44673
44674
44681
44697
44699
44728
44751
44752
44766
44771
44777
44791
44817
44840
44844
44864
44868
44893
44898
44927
44930
44954
44954
44955
44965
44971
45001
45003
45010
45024
45035
45038
45061
45071
45073
45086
45089
45109
45118
45126
45128
45205
45223
45232
45238
45243
45257
45264
45272
45278
45304
45317
45330
45331
45345
45361
45366
45394
45396
45399
45407
45425
45425
45442
45454
45461
45464
45467
45478
45500
45505
45517
45523
45524
45537
45546
45559
45560
45562
45565
45567
45571
45588
45591
45601
45613
45620
45632
45644
45651
45658
45668
45680
45702
45709
45724
45735
45753
45759
45765
45785
45793
45798
45817
45824
45830
45832
45840
45848
45860
45863
45872
45893
45903
45903
45952
45961
45966
45985
46002
46016
46021
46021
46045
46062
46067
46072
46073
46089
46090
46100
46103
46119
46121
46135
46136
46148
46159
46172
46194
46205
46224
46238
46282
46284
46320
46322
46326
46356
46379
46388
46393
46400
46402
46407
46410
46431
46442
46453
46469
46489
46511
46518
46543
46559
46567
46569
46574
46585
46593
46604
46647
46669
46677
46679
46688
46703
46724
46730
46736
46752
46761
46767
46776
46790
46799
46812
46819
46828
46839
46881
46884
46896
46902
46904
46917
46929
46930
46936
46947
46949
46960
46960
46967
46972
46975
47005
47006
47013
47015
47032
47037
47052
47102
47105
47111
47114
47124
47146
47150
47178
47182
47183
47198
47200
47209
47222
47229
47242
47248
47257
47275
47282
47283
47291
47309
47319
47320
47335
47342
47347
47350
47356
47357
47383
47388
47394
47401
47403
47417
47418
47423
47434
47436
47438
47455
47457
47479
47480
47521
47522
47543
47562
47570
47586
47591
47598
47633
47646
47661
47680
47686
47727
47740
47760
47766
47768
47770
47774
47853
47860
47867
47884
47890
47891
47899
47916
47931
47946
47948
47995
48017
48026
48033
48038
48052
48069
48070
48079
48109
48124
48138
48142
48155
48166
48166
48174
48181
48191
48200
48206
48217
48219
48224
48225
48226
48244
48247
48250
48253
48255
48265
48265
48290
48291
48297
48305
48310
48315
48320
48322
48330
48343
48347
48352
48366
48367
48372
48376
48396
48396
48437
48438
48467
48485
48553
48558
48569
48584
48587
48590
48594
48604
48617
48647
48648
48649
48679
48695
48722
48736
48737
48744
48744
48751
48756
48757
48762
48764
48782
48789
48795
48801
48815
48825
48827
48861
48884
48900
48901
48907
48924
48933
48949
48951
48954
48969
48976
49001
49018
49023
49030
49052
49055
49060
49070
49078
49079
49098
49104
49105
49116
49119
49122
49123
49124
49132
49139
49159
49179
49185
49188
49212
49215
49226
49238
49251
49272
49276
49287
49288
49307
49315
49331
49333
49336
49337
49349
49351
49355
49362
49387
49388
49397
49445
49450
49464
49472
49475
49485
49489
49514
49540
49597
49601
49602
49617
49620
49639
49640
49684
49687
49687
49694
49703
49762
49766
49775
49777
49777
49780
49782
49808
49819
49820
49823
49828
49866
49868
49870
49871
49875
49898
49902
49910
49913
49913
49935
49953
49958
49982
49987
49999
