8187
5344
8680
6414
7366
5366
8245
1220
9853
9107
3067
566
7882
2592
922
2626
7717
2164
2872
4153
2282
1414
1417
2429
9487
1674
3246
8328
372
9309
2806
8558
4652
1486
1324
8370
3203
9568
5941
3055
8674
9007
3621
6556
1598
894
5533
5666
3057
8404
6171
5339
6170
7587
4119
2008
5612
7364
6688
5983
3025
9493
4541
4028
7330
5864
2397
533
1783
8337
9939
6808
3695
9911
9715
1644
804
5248
7310
3861
3
3480
5551
2524
7418
9669
884
3030
3384
7571
9012
6408
7063
9904
436
745
2119
9184
1277
3901
3873
7567
7061
7567
7478
6775
5563
8281
8374
9224
8493
8377
9055
4043
7252
6472
63
8135
5853
9799
2057
1217
2558
9120
1120
2993
6216
9591
8529
7492
9843
2401
5058
6903
6319
8887
3678
1881
7168
2051
7456
2012
6779
6510
2407
4031
9334
2469
8517
5186
8619
574
6402
1177
6045
3874
521
2260
3464
9049
6103
3306
1449
7512
209
4120
6399
3886
2352
9918
5936
9808
1929
9067
6317
4335
3097
5650
3156
1613
7188
1774
8538
3589
2950
4582
7462
3471
3193
925
8871
9295
583
320
6807
791
791
3205
1028
3142
9474
3315
2949
1402
2381
5618
2089
1829
7619
1596
9794
4806
9721
8331
8395
9023
9265
2208
2493
2457
9485
7715
1752
67
8034
4910
7209
5176
8114
8236
8318
3939
1550
7618
5340
283
3235
3780
2111
854
5375
1904
5659
5096
6587
405
470
5851
2613
2962
8307
2097
676
58
2163
5062
1319
9371
6589
5784
3958
4906
9722
1859
2524
1414
2141
5758
5193
604
2963
6920
2507
8622
8367
9093
9026
8836
1295
7990
8149
9602
86
5176
6011
8600
6589
7330
4322
3178
3113
8279
8083
2835
6490
6958
4248
4982
9068
5792
5585
2030
2711
4444
7003
7429
9888
2381
6264
1183
370
764
784
6808
5940
6794
5407
2528
475
9729
2057
3588
4359
6492
2774
848
3449
7021
2182
8868
9164
7766
898
1875
2209
4252
5655
8449
6632
8271
9631
3354
9034
6766
161
4973
9911
5567
3853
386
1647
5909
3973
6006
8752
3098
3205
8553
6470
5386
7420
5633
9504
8317
3859
8064
8921
9514
6512
5552
7784
2494
8905
6817
9259
5417
8142
9170
984
8346
9555
2630
606
9879
4987
9358
2976
4544
7910
9445
6281
5329
1429
5784
9998
5288
200
8918
4801
3063
821
8936
5557
6078
5752
1167
1494
245
336
8829
8590
6242
1459
9196
2472
2797
8553
1799
7340
6462
1243
9973
8142
2672
2108
8139
4311
2307
3408
5463
1722
581
4398
7278
6658
6501
8444
4503
6746
5132
3332
5335
1373
4790
882
3845
3938
9434
5643
7630
2247
3238
7602
389
2261
6061
4879
6571
8368
4639
2033
89
5219
2782
3718
8228
9282
2161
2730
6027
3644
6061
7714
5017
7202
8595
5213
1140
4381
7207
8769
6627
444
2722
3367
9056
8782
4598
1978
3501
5588
362
9941
806
3143
3658
9033
2425
2171
8114
4803
5814
4175
8868
7182
1376
7463
2394
8867
1843
5953
3987
4821
2748
6708
4540
1804
1842
5489
133
5342
1076
495
5283
1881
9989
5292
7265
2413
7462
5378
3568
9628
5904
2435
6809
7280
6249
5555
2498
4443
1507
6485
9264
4254
9544
155
2409
1385
5643
2542
6727
6718
3036
8361
4950
3024
3652
2214
1789
7466
3943
1708
7093
9847
494
253
3478
6743
5807
2327
1185
3665
8811
6800
4271
8355
6954
6679
9739
8948
9220
2817
5665
8607
7529
6966
7983
7533
9179
6123
1350
9474
4182
4794
5672
4675
5046
5501
1417
7205
7827
8954
7221
6638
5753
1491
1344
9059
8170
7434
8006
3741
251
23
2348
4131
6988
6682
8015
2519
9156
9364
8344
3337
4157
4015
8011
9203
9515
5780
2759
7341
4733
9979
330
6837
1470
1673
5895
5991
9107
253
9731
5709
6627
8430
6191
9966
1463
4206
2484
618
3569
7179
3954
7726
7545
8317
3280
7059
4096
6038
752
5180
2368
7433
2016
3837
9106
7911
9827
4564
4515
5910
6624
1141
4339
2814
1106
5802
7019
9942
6419
588
3472
6725
4665
1017
1393
7944
8075
5488
333
5178
667
2700
8963
2682
2889
8068
6944
2715
8983
1458
8624
5606
8950
9315
4771
6408
5116
1790
6349
7886
8729
9820
962
3393
7188
2354
7688
5263
4193
8020
6792
4859
7071
5754
3893
9959
173
7188
9026
5507
4998
4001
7464
3947
3315
2235
354
4782
4024
3054
9020
9104
9226
6333
8848
6413
8687
6535
8027
2879
906
1171
4090
7976
3276
4334
4287
3449
1521
3312
5307
6518
7312
2771
465
6979
5005
7170
8112
5380
6576
7131
4483
5801
3464
3330
8565
8502
6216
2944
1380
7121
4114
1821
1448
7389
6154
5734
7189
7675
9045
2496
4192
2709
5266
1008
9687
6622
8178
7798
2001
1105
1281
2835
3257
4744
6164
1821
9597
2379
1116
7328
5851
5229
9149
7298
8970
1654
3032
2510
9328
8428
5005
9872
1136
6622
7231
7174
9595
1760
4972
1595
2864
6252
4429
6120
7347
6944
4293
6943
5674
5408
4270
1524
6989
9770
8822
5958
1424
8205
8467
7103
6632
9824
6974
4120
2797
4205
1293
2392
5964
2616
338
5180
5219
1119
1299
8917
8062
5591
5859
3736
999
6481
1611
7987
6250
6784
296
4025
4988
5114
1128
7972
1289
4453
2091
4086
5009
9735
2829
973
2351
9518
6152
3921
636
3802
2838
8698
9393
8696
8785
6743
1528
395
1081
4130
3531
1376
4506
8518
2841
5633
2841
4130
6438
1283
4567
1446
1018
7395
8770
9720
6912
1273
3640
3900
5075
6477
2597
819
1525
7733
7561
9404
4479
4993
3533
8009
2720
4391
2879
5560
23
5719
9689
6460
7002
4255
7906
4371
8001
3027
4090
1265
4300
4081
5164
9374
6910
4112
6544
8434
1844
456
4189
2674
5448
4074
683
8167
8464
9913
3726
8486
5631
3415
1298
8984
4021
5555
3354
8374
8581
3795
9638
2880
7876
4801
8605
1137
5264
1500
9570
