4998
3907
8257
5081
9885
7009
3285
8369
3870
6532
7261
9469
7635
739
6108
2877
3966
8258
2586
4446
1723
8928
650
7143
3519
3139
9668
6235
2731
5990
5403
9943
7376
9564
3293
1136
7171
8164
4496
2521
8069
5057
2797
7527
6570
5182
9639
1272
9013
4533
5145
3138
1178
4993
7641
1072
8639
3989
4183
5087
8818
9444
8494
7064
9565
1122
671
6871
3636
8535
749
1458
2507
3344
6201
823
3312
2724
8160
1155
228
5598
3090
1329
3205
7842
8117
9962
9114
3981
2529
4225
4486
6602
3837
8133
1952
4169
9924
6892
364
7904
6175
4358
9438
4040
5142
8651
5787
1961
3396
5730
3547
4976
3869
724
4803
4987
1638
5864
7806
6566
5075
5252
8676
460
9181
9688
8744
9284
1590
249
5924
2911
4924
7490
5746
1753
8422
4997
6150
874
3436
800
3942
7369
3127
275
6302
4409
8070
5066
1227
8801
5009
3403
1833
527
1457
6073
2563
9142
9761
9448
4449
2494
8305
304
1934
4148
8917
6013
1854
7271
5704
4990
3057
5325
65
4633
4523
2206
8279
4808
8555
7732
3093
6468
4528
2901
8200
2573
6950
5495
5041
1262
9363
6799
1752
4562
3740
667
5187
2487
9526
4855
7106
6992
266
5945
3163
6803
7352
2986
6130
3366
476
2116
1254
4423
2522
2734
6849
3568
2703
2303
4155
8238
6898
2327
207
2211
4907
781
7513
1212
3395
4352
3343
545
525
8913
9268
1307
829
9742
6934
6423
7917
6482
6854
7775
6705
4195
8176
6212
3329
3383
376
268
232
2368
9913
3159
1356
8588
5606
8543
7115
7499
4461
4712
973
7728
6712
1865
3440
2826
6317
617
2823
5214
2370
6740
1982
6520
8498
3491
5912
8642
4941
7839
1190
4429
5630
1861
3927
4024
794
5101
9356
3892
4229
9524
5440
1660
4245
7801
9086
6879
5341
647
937
7028
359
5649
8393
4512
4198
6427
6491
689
2960
2397
1801
9973
2233
8295
5755
6485
3963
9166
2876
2526
6080
6367
3377
4665
6444
2982
630
3121
7694
6452
1408
5106
1981
6759
7123
2862
327
1342
5723
2361
7926
6437
6339
7136
3191
7537
1687
2935
5680
1061
8686
7412
3689
6267
6997
5823
201
3827
5979
5351
8531
858
9094
148
9577
6896
5319
9783
6101
1644
5610
4706
343
1959
9567
9061
6283
3616
5658
824
306
9531
60
7464
7539
6278
5291
6308
2756
5703
9612
1022
9689
1973
5478
1361
3921
6327
5825
9325
9557
9976
3279
8426
8842
6067
3224
9559
5370
1202
2605
3364
7595
3594
4671
4435
226
3122
778
7759
8203
2325
3873
5743
2884
7579
5497
2985
841
3609
524
8241
8227
2317
1519
573
2465
7160
5219
7161
2672
5586
7172
2436
421
7975
6593
2228
730
2182
8815
3079
6547
6943
4568
1770
262
3450
2638
6989
2394
3466
325
4592
9497
4930
7629
4717
2093
7047
2795
464
2766
3351
5582
8280
4756
2422
5820
1711
6143
2144
2705
1890
7731
9848
7685
1244
6434
8762
2216
2710
2542
8576
4414
7712
2189
2777
7525
9822
4871
4946
7444
9372
507
8720
1141
8697
9684
3500
9430
4092
7198
2800
9922
811
9682
7469
5591
8146
8896
7358
4611
6352
7409
3612
9103
4514
9960
6954
5628
9776
6575
3997
2173
1680
1040
5602
7855
7245
5238
3765
3744
6800
1601
8157
7698
8886
5780
8618
8322
8242
926
6379
8597
8946
7405
7390
8869
5660
4804
7863
7391
2010
3417
9898
6362
7693
8647
8244
4653
6027
2230
7923
2553
3153
627
9274
1217
2340
220
3461
4596
2846
9441
2912
8819
5320
15
3855
7877
3672
685
3819
3550
4131
7129
7943
2674
3758
4669
3186
5276
7813
3194
7715
4463
6046
2733
7555
7945
5996
1476
6782
8445
1386
6373
4973
993
6618
5018
3608
8071
902
7294
9273
3277
8589
8230
6328
4634
1755
3845
1472
6812
9425
7619
5896
1873
8836
6592
246
8853
6750
358
5569
6678
2549
5171
1729
3422
3617
3296
2654
4354
5861
9865
5086
6064
3655
2591
6736
9223
1053
3951
909
4842
8214
3828
4963
3941
7475
3136
9947
2096
7359
6804
498
8306
1989
6123
9397
2234
8003
8155
6994
5742
488
4566
7099
1897
9326
79
5577
1277
6366
1559
9528
4556
7010
1285
2237
5695
9072
9080
5785
6639
2355
6877
284
9685
9846
5206
3041
2801
1595
8653
6329
7558
2225
3546
7274
1888
4084
8821
48
7829
7109
4852
1346
4531
4638
9829
6093
9805
7492
944
2955
3064
9006
5645
3252
5108
2603
6574
5049
4111
6650
6255
971
7825
5625
8333
5563
3237
840
1956
3124
7141
2068
3446
8598
4626
6268
3809
7617
3399
5259
3149
799
1194
6831
1412
4798
3171
5490
2174
6017
3353
1128
9108
3310
6221
3536
1048
6614
110
7998
3953
6011
8865
2067
4782
6672
979
6257
9618
9350
8309
2198
7157
8874
2671
2907
4107
1566
1743
4013
6411
1883
4271
6338
1321
367
7144
4849
9136
628
5218
826
4931
8442
1702
1373
4456
1416
187
2071
6792
8078
6953
6195
256
8782
8812
2312
4874
5130
3016
2493
2456
764
3047
7396
7573
9370
9904
1375
1690
5251
8695
3022
500
5223
9905
5269
5311
4988
531
3749
5418
3486
4624
146
9144
9479
7901
6897
3902
1780
8614
640
6642
1039
520
890
3313
6982
123
6088
6120
5210
952
5655
7039
5266
151
6523
7441
5903
1777
1060
3358
5492
8147
402
8245
6993
2626
5119
3820
1393
7690
4017
1563
2463
9126
4360
5295
8488
7758
1997
9730
2609
3049
8113
9681
3919
30
6183
5812
1586
3244
9420
8965
9752
1134
4721
4949
4250
1706
6918
4491
4110
8385
1430
7446
7419
8755
5379
170
6105
2860
8297
4989
6371
3709
8352
1265
3355
4716
417
5940
1748
1094
117
8096
3628
6549
5083
7005
7078
7431
2171
5514
5895
4926
1530
415
7946
4818
4166
8756
320
5255
1186
1597
134
7339
2384
9426
9169
6638
2895
9377
1106
1410
1359
5159
8961
6889
5944
756
4240
5641
5519
8520
6517
7624
2712
5559
7317
7373
7489
1166
5646
2837
1102
8221
6390
4063
8101
1433
2727
3183
5661
5622
6358
9255
2793
8693
3315
1390
1264
8898
8079
4493
9431
4736
5254
8995
8460
2470
6065
8431
8197
6100
1235
5375
9303
7342
3086
8817
869
5608
2187
9539
5692
4083
5804
2750
7626
6616
2484
1869
8988
4254
6387
107
7023
1130
5705
469
7763
7831
8247
691
5406
4261
3684
6005
1927
1020
8444
7560
5894
3407
9856
1108
4715
5360
4887
6469
2546
1841
2274
9433
3586
396
5422
855
4330
5262
922
2894
3932
189
2035
9151
7606
9541
8889
431
1162
2881
6963
8189
4578
7327
1400
2636
1248
4041
3027
6548
2357
2923
3826
958
4065
3489
3372
572
5616
3588
7836
8603
9992
7345
8125
7331
7102
6092
1253
2476
3575
6621
6805
7395
1679
3059
2039
4470
9737
4433
8416
3184
9005
8502
9872
1993
8091
4411
3387
6003
2517
2005
6406
80
229
1368
695
9182
4954
1187
943
4200
4722
2945
7344
7536
1058
1355
5536
3906
603
2866
3394
1489
6292
6200
1701
9507
3770
7673
8767
5791
1233
2743
6196
7118
9880
8666
5281
4478
2347
6348
6357
2781
7661
7393
9740
6936
2052
2991
2721
1173
2880
7766
9219
5741
7707
3849
4734
880
5801
2073
6901
9461
8131
9295
9547
5237
4965
8417
7858
9991
2123
177
9480
4098
5459
9692
1758
3866
1345
924
5576
4097
2577
5008
967
331
8691
7740
3243
6774
7435
7973
6540
8186
28
3622
9744
984
7282
3611
2492
4783
3582
659
6964
6489
1151
7093
4725
2415
7208
369
2810
7247
236
8824
7270
9054
4837
2740
3391
8840
8448
9047
445
5539
8664
2571
875
7209
8019
9687
3991
2084
5176
6842
6659
115
2767
2709
1834
7035
878
7939
4785
7746
8376
2778
1771
1301
7278
7021
8548
3630
9897
3708
1781
8832
6044
587
8670
5127
1073
2186
2940
2421
5452
4704
9310
7779
4235
2836
9454
9549
312
2074
9101
6723
9945
8641
1033
9239
7454
5833
5123
6940
9143
2972
4848
7266
5149
620
842
9192
8859
6939
6882
8065
6922
1099
7969
5852
9680
2917
1075
3696
7832
7185
6473
4005
733
2027
7424
4956
4903
4551
6697
2146
7110
9299
2726
1818
3107
9153
9521
2231
1480
6441
588
3029
6432
7152
1598
2819
347
950
2166
7897
1872
619
4272
5368
4564
6305
4795
6746
1409
2153
6289
1556
5710
3937
4123
8559
2630
4868
2100
2633
4749
3105
3977
3669
8224
2963
9121
7967
992
1238
5764
549
3212
1167
1402
7218
2757
9083
5184
5209
8193
8283
3304
6285
295
1070
17
8890
4305
4303
6981
413
368
656
403
6376
9246
3727
7400
3848
8971
2755
5549
9519
3944
3650
7184
1713
4191
7880
1876
3464
7426
3595
3414
4938
8250
680
7226
3424
7467
7545
6124
6333
8408
775
5734
8740
2031
9171
4076
6826
6657
1200
4113
292
4642
5712
2657
3589
1340
1306
4052
6915
2287
3282
2434
7491
7428
4141
6216
7341
7701
2527
1744
1237
3298
2119
7594
357
1839
9768
3801
2525
3299
4464
3824
3040
21
4300
71
2583
8321
2245
6571
7319
3284
5484
999
3117
9732
9241
1512
9622
1922
1674
6843
1978
57
5910
6611
9020
1518
5647
3807
6252
8595
3813
142
5073
8048
5848
9435
7957
6677
3447
7366
5865
676
3557
9843
5509
1958
8326
6433
2909
6478
7730
13
3270
5691
4754
2040
1441
3240
8438
4366
3287
9043
6780
3548
1211
6436
3134
7908
4045
190
7280
5181
7158
9100
216
6761
5521
3958
5627
2143
3893
4905
4099
1947
399
5195
7668
5930
2134
1649
8110
3891
4353
3220
4979
168
2655
8383
3530
862
8931
4262
1403
6786
8040
949
5832
4325
4529
9940
6675
2697
6169
8493
9496
3034
3917
4006
4138
5737
5178
8707
6958
2255
7521
2269
5588
4268
7642
5085
9678
2157
2534
8166
4664
1423
914
5953
1893
2966
7199
81
4697
7581
9666
1047
3300
3576
3643
7588
9729
4474
558
9592
1616
6012
7397
8379
7870
5012
4129
2624
6458
4753
3307
6199
9102
1100
2458
92
2208
9336
8178
3007
1479
3771
9710
5094
9262
5578
5762
5489
789
8915
2844
4161
8547
3734
9590
6160
6206
7072
1759
4629
4211
9746
3063
4513
1487
4882
4059
5167
2065
3702
1435
633
2464
7739
1149
122
4770
9468
9155
9503
101
6662
4178
2331
2350
1707
3562
6819
5815
8336
6397
7321
4503
2285
4501
5150
7737
1336
1700
6559
9467
1177
3716
7370
56
5324
3846
3478
6679
9245
5751
2059
2389
1714
6749
8769
8922
2825
4119
6810
2959
4689
4197
5426
8054
1619
1600
4484
8358
8525
895
3014
9890
8308
5342
8665
5432
6852
5309
693
7180
3632
4559
5807
1647
6690
8181
1625
5288
440
6545
318
1618
3979
4297
9771
3367
274
4702
1669
9023
3101
9838
9997
8833
1573
2016
1554
6090
7867
8626
3002
5758
3836
6331
4658
3074
6226
4443
6916
6320
7189
7287
4008
5257
1946
499
5501
1154
9860
6424
9493
75
5651
7866
3490
7687
4532
1236
9754
8060
9276
5589
4333
5272
3516
9676
9233
8075
4295
2449
4909
3031
2420
3680
9240
4953
3847
1799
9568
3998
88
8329
8161
759
2660
3229
5029
6271
8649
7378
5494
2560
1681
5247
4181
323
4298
6361
1671
4880
557
8690
3000
9122
1608
6641
7570
2185
7457
2414
8844
4616
8141
6624
8450
9572
4180
3884
4991
18
5482
3700
6738
970
9269
3152
5467
7819
7121
286
5810
9623
6058
392
6304
5802
5916
4536
4835
4858
1510
4922
978
8620
1010
4033
3013
3326
3410
8198
1176
1589
8573
1650
4036
4151
2199
5527
6228
8404
1763
422
2585
9188
491
1988
8980
3725
4454
5021
2008
5332
5227
1853
7127
3671
8008
2669
2890
2207
816
2105
2322
1968
4828
1309
9719
47
5960
613
1031
8979
6606
2358
8930
6499
8334
5648
6010
4327
7583
898
8472
1182
5361
3737
5345
8289
8061
3943
5327
9748
3587
1360
9578
7738
4339
258
9337
5617
7603
854
5065
1570
1737
7912
7188
2320
5399
1221
6497
1286
8098
1109
7818
7165
5986
4263
3757
204
8862
278
4280
5283
7193
4087
9514
5686
8114
7954
55
6660
5885
203
4135
1532
2087
9603
1442
6844
8093
8684
6498
6309
8550
1036
9099
9587
6264
4845
3443
1179
3472
3404
3785
83
8120
956
5498
9391
6590
1030
9358
8152
7911
7410
4361
583
2670
5464
5242
7001
239
1029
6117
9641
3723
5768
2548
886
9329
975
8586
4447
2382
4668
2056
1069
7053
2631
194
963
5216
2704
3738
1481
8671
1703
2668
1915
3371
7888
3430
5842
9371
8777
160
5140
4212
709
4622
8106
6790
920
1169
6770
3564
4606
1035
5453
3986
5581
5304
3381
6
4439
8344
7781
8220
7895
6860
1420
8
8218
4928
6584
3641
4839
6269
9367
1571
162
1052
3327
7285
5840
233
1549
7851
5116
4912
3875
3334
947
4232
2936
4810
3154
6680
5652
3132
1406
1885
1615
2481
8924
7927
1902
1627
8476
6643
981
3180
1444
6296
9186
9270
8606
1849
6420
7632
9007
3918
5821
444
3113
7022
4651
1090
192
4031
741
1208
2133
5098
7823
631
3354
941
3032
8144
3476
8179
9211
2278
126
6814
665
933
2438
8150
7314
9449
7552
2399
9563
6337
9566
5919
2971
5984
718
9853
7084
8409
541
9220
1080
9256
2543
962
8947
24
6275
3584
8487
6347
9408
3532
3337
1082
7375
5369
8747
1085
6466
9965
7311
6356
9351
5139
6074
4351
2246
7478
9488
5212
4869
534
2850
7741
9387
4685
9679
2426
3525
8877
9721
1992
9686
1081
4739
2041
1609
8432
7442
45
3053
6000
7368
2988
8042
4095
8879
9037
8723
1260
803
1828
4682
3533
8496
9034
4637
7987
9110
5462
4958
9472
3724
271
2885
4085
5240
9455
9189
1812
7151
8480
7439
370
9928
621
4473
9785
8315
8722
354
4696
3878
1091
1866
6832
2993
5307
3200
1415
7415
977
6965
245
2479
5766
5675
4825
5326
1326
3777
8319
6227
762
8464
4718
6457
3256
4677
9959
2038
9260
6392
6422
795
8958
9068
2758
3318
6928
14
9584
4548
2267
7745
2292
8656
6667
4379
8180
8849
4485
801
7335
3015
3520
6223
2342
2539
8302
3218
2047
4755
3248
5711
6450
255
9167
1772
2990
7079
7999
1699
1028
3099
9016
4497
2279
8577
4475
1003
4400
95
7220
297
9794
609
6006
6795
4621
205
8681
9867
2432
585
5844
8331
4311
6607
4399
2628
7177
9780
2081
867
3590
8301
3894
5102
8156
3623
9272
8643
7878
3666
4296
833
8775
7310
7793
4430
8578
2515
1626
3843
6133
4182
7639
3964
6726
2565
7660
9041
2029
9972
6474
1055
2176
3614
3563
2374
5205
6582
2485
8359
3077
4158
2925
9605
1191
929
2359
3916
5211
8921
1957
5386
7046
3651
9481
186
2502
3965
7128
1954
4156
307
8646
6477
6908
4872
6923
6671
989
9451
9434
4314
8612
9669
7873
7788
9014
9632
9798
501
6104
7194
7655
6139
8556
8348
9712
6070
1292
9987
4269
6924
6266
6704
5442
2658
4350
6617
6665
9809
9536
9044
7773
4395
4149
722
1803
3292
8253
4769
5873
2824
4981
2217
1201
4336
2263
5982
8644
582
4208
2475
2541
3693
8900
5359
89
7206
5194
686
3126
9694
649
4600
6543
4480
3009
8852
8813
3800
1243
4841
6250
2057
4884
1975
5906
2066
4703
2223
9895
9830
4216
4590
7532
7919
2919
9401
6031
7726
9271
6741
1424
2967
7058
5493
125
3597
9049
3852
7453
7640
77
814
4650
5
6511
6772
6237
1382
9088
4901
2139
4509
5685
737
73
602
2318
7350
9486
4854
4588
8413
1696
5338
6213
8757
7207
754
9891
3217
9450
9518
837
1895
2723
4460
7572
6696
69
7211
2097
5429
7529
6552
2505
263
8268
7844
4038
6351
9484
6314
4731
4074
4072
533
4995
4957
2699
1432
9134
383
7173
9657
7201
1507
1862
3196
145
3822
3706
3501
5749
6222
5932
7081
7264
3338
1689
5357
3480
1275
7980
6282
3235
8018
1523
4920
1086
7292
5374
8585
4656
1071
3796
5613
6508
7800
7561
8897
7615
7883
5858
9001
9237
7892
5809
4055
3301
9704
9757
2535
4694
3250
1678
6026
8076
34
3859
407
1302
5775
851
8374
8095
2979
8349
3610
4572
6627
1513
1999
1522
2077
1881
9319
7563
6323
1859
9339
7614
6608
847
8733
3553
3903
4831
290
1172
5882
7769
6720
166
5998
871
8583
6024
1555
7466
4009
8953
8977
3952
3940
9858
839
9123
9067
360
1561
6204
2637
769
2556
3316
6166
526
7027
813
5528
5698
8912
5808
7688
3984
9944
3111
5813
8658
8016
9349
7876
5131
5637
4217
1216
885
2715
5546
9195
7571
6061
4186
2364
6722
7553
9797
2050
4088
140
2815
5414
2381
6505
882
4334
9827
5437
4737
9772
7864
9343
3420
8570
512
4328
8584
5280
7
9048
3812
7649
1443
5499
8990
7941
4427
714
7450
1942
4674
1811
2752
5946
690
1278
1335
3779
7575
5726
6610
7550
2296
4331
8243
6931
2570
5450
5402
9981
2649
2156
4652
3072
7504
1553
8177
1663
9941
3585
8056
4079
6164
2906
4534
2722
2511
4260
7149
3747
899
9859
2598
9112
1001
1229
6926
994
3912
1327
3542
8471
849
6332
8607
2545
1478
2450
9849
3707
8826
9646
9030
6300
2642
237
9792
4881
6492
9597
7680
3969
1332
7014
3642
38
2125
5618
4762
5243
7634
568
5343
2194
3462
6669
1514
9661
5416
3999
4116
7387
2742
1413
5126
7482
8503
1996
5757
261
5863
6685
6793
4710
6674
6149
7473
8032
3821
6700
3956
2439
9828
6851
4347
9517
1628
6742
8208
1013
9018
8725
7355
3615
4332
5603
9717
2478
4851
2518
1900
6419
1830
2771
8940
3639
2443
8838
1778
9505
8679
5532
2262
2764
8165
8000
3625
8816
9725
4898
5567
2293
6595
6986
6165
7153
5537
6848
604
3505
5640
3265
8835
6710
707
6645
8963
6493
5638
9516
5991
8560
9691
6533
7265
332
7389
182
4695
9130
6998
3356
2718
3412
5405
5273
2924
9334
8847
336
5032
2244
6586
9399
3982
352
591
6603
4586
8935
4607
9967
3130
6615
9620
206
6343
3192
8278
8097
5173
8549
4404
9621
3042
3751
4766
1538
7262
1602
8407
1414
4614
2019
6727
1339
7113
806
4219
4307
2594
2324
9463
8151
1637
4899
5112
4541
717
8073
2604
8012
3888
4457
6967
3181
5460
8206
6170
543
5678
7852
3925
8216
8001
5371
4550
8389
377
7471
6762
4904
4820
2956
4698
6210
5299
3703
4933
4742
9700
6273
1838
562
8857
7050
727
8623
8823
1439
5129
8475
3323
5650
3386
7407
5373
2970
3241
6068
6591
4288
1488
5383
6779
2205
4579
825
6822
231
8705
763
6801
5312
6189
1648
9925
5702
3129
5899
5656
9092
6732
9562
6321
2804
6909
8659
5883
9755
2835
2659
5006
4264
2313
2934
798
7600
8440
1963
5623
8699
2051
5072
1593
7360
5381
5076
7485
9745
5487
9129
319
7003
4424
5097
5161
9159
1797
859
9184
4952
3993
3198
7493
9799
6291
9586
8511
808
6015
6600
3451
740
2430
6014
3147
7644
8365
3103
114
865
5089
1892
9238
8436
6086
6748
3055
8187
7706
6231
8467
8469
654
5786
8893
7088
8029
1143
2623
6944
3268
1515
1267
7066
4448
8420
6765
9309
3332
9841
4827
8013
5507
4786
3091
1911
1421
9225
1536
625
1374
8025
8030
8406
1787
6942
8050
8002
1521
3397
6542
8533
2316
9312
9385
6717
5557
8107
7696
2254
7710
9410
5676
7538
3076
4120
4289
3538
2853
2531
6071
1364
4094
6077
9758
1350
5797
4771
6525
1232
6876
1816
4937
8972
7718
8489
4368
2128
1782
3526
7174
1213
7283
9409
4647
5917
9318
2680
6891
9473
5973
3830
5154
3175
4649
6902
7507
4184
1377
5431
3497
5590
2025
5663
9581
7931
6103
4062
1634
188
6553
845
4091
6158
6839
8568
3003
3173
9875
9383
9741
7564
674
4291
4365
8346
3638
1251
7755
6178
7181
3551
5310
3432
2431
4215
1504
4966
7734
3336
4373
3591
4252
6119
2653
7487
8999
7200
5382
3926
4544
9743
4962
209
1721
1175
2711
2870
1871
3070
6318
1093
2104
8327
3385
4847
7351
8350
1287
5454
4601
8587
1469
3335
1657
6414
644
9345
8566
9180
5024
7071
3863
5575
1572
5967
6360
8766
2072
395
6961
1119
6033
3690
4380
3142
5544
8674
8554
9222
8429
9311
7648
5571
5511
181
5428
3128
5964
6107
7178
5555
6345
61
9115
4744
3578
4068
2839
5540
3692
3341
221
4023
8347
6938
418
4984
7835
44
8786
7699
8964
3620
5550
9104
522
8891
8514
792
893
3676
2172
70
6020
3688
5868
2974
4086
8116
9869
5843
1791
1821
8470
5137
6114
6757
4421
4428
7101
7837
2114
5156
32
2362
1569
4708
8316
896
8112
7936
7955
7824
2889
4453
50
7922
487
1496
6184
8545
3794
1815
4740
2441
6836
6016
4504
9031
335
7765
3513
3544
4777
2915
8552
9217
6861
2168
4279
184
4192
7697
4670
4121
1181
9864
3427
4126
8174
7767
2747
1964
1199
991
5271
8126
9190
7794
5654
8914
1310
7155
8807
9683
8594
1068
6354
9773
7421
157
8508
668
6224
9045
5799
3558
3087
5226
2867
6709
6094
7968
9483
8760
6847
1333
9008
6637
6597
1808
1
7297
9474
6022
7674
4372
2601
8728
8271
4917
4663
3705
1097
8571
7083
4517
8154
7833
1698
7906
2179
9591
9835
8046
5928
303
4206
9671
1715
1731
4130
7460
4214
4146
9706
6173
6947
8507
3857
6095
7662
2645
4004
1101
316
2997
9078
9105
7041
9837
2806
131
6326
7371
2813
2098
3861
4728
5166
4672
2939
4100
9998
9982
1605
5662
528
3968
3210
9096
3972
2489
1474
4378
6355
1710
8427
251
2809
8593
7597
4413
6270
6181
8425
3529
1745
6556
3236
5816
9147
3232
9919
9769
3675
7993
9653
7618
590
2958
3249
7468
7322
8168
9414
2180
5674
5671
5315
2424
6217
9286
884
298
4681
3118
6873
7142
3458
2053
8996
3877
138
4078
9314
4301
9251
4056
8207
4432
6258
889
7418
1987
8521
5811
5444
2393
7087
4806
6091
2145
2304
5225
2533
7947
4132
3324
3549
3950
9411
2095
2184
4326
4618
1163
4452
4527
6476
5151
283
2897
4793
3790
6001
8103
7896
900
6453
6654
9714
5348
7414
8663
8750
7803
8415
5155
5878
7324
7145
1527
1273
5961
7884
8880
5892
5052
8058
3208
2311
8063
5190
5109
5860
8037
6579
9614
9739
2695
6904
5393
698
2530
9802
6162
2468
5144
5491
1607
5191
6023
1005
5347
6529
5942
6725
8517
7498
5558
4133
9911
2190
9207
1044
2330
599
505
7140
429
6670
4583
1765
1994
6966
9164
9243
2706
9059
7964
2746
4142
5164
5981
3971
2221
9979
4775
2728
7075
5633
7584
4383
5230
5404
7700
4468
4944
2584
5838
3974
6957
3686
6703
3995
7364
6906
2920
6455
5207
49
9561
5941
4598
7854
2568
2930
7984
1740
7497
8005
9624
2181
301
5615
66
8712
4900
3567
3108
5366
1475
3402
7847
6824
6661
4241
3465
8109
9506
2597
6788
6664
9294
8515
5213
6862
938
4746
4403
9412
5983
3939
9726
3658
78
6583
5621
1565
9953
26
8202
3158
1429
925
5579
9695
7232
1630
4315
7349
8080
872
8923
2080
9437
4553
1126
7886
966
4032
8354
2486
6890
2160
382
1581
5321
8706
9138
8716
8895
7238
7930
87
6412
1878
6706
1297
8423
273
2497
4776
6905
4317
3904
6501
1661
7551
8183
1223
289
2169
6787
5720
5531
8635
5987
3258
2411
7139
4140
4630
1283
9779
8162
1951
8222
8059
4102
6640
6701
6673
2192
4069
3523
6240
4483
2627
7259
2238
8169
8269
2352
9978
9278
8519
4539
1936
8038
2614
1762
4603
6560
5362
6853
3102
7691
4388
6048
6806
6312
9662
7757
1842
96
9265
9819
1123
4381
2607
1320
1810
6262
9498
9722
5483
4673
6131
6625
1739
6324
4355
6307
2978
3899
1016
9097
9333
2188
8267
356
9464
8861
9332
3320
7440
2741
9032
2765
9004
1582
8683
6550
4508
9616
879
8721
605
4436
6272
4172
85
9912
4248
393
4913
5239
2319
6182
8655
4415
458
8194
20
8142
3772
8495
6078
6512
1860
5969
137
5530
2126
9028
2214
581
1203
8067
6405
5003
242
1940
5420
6872
7315
9287
7985
3624
2992
5481
8483
1785
6573
2339
7983
9282
7276
8858
3202
8969
703
7343
8602
1455
8957
5516
4201
1891
6084
785
2235
3992
3531
4455
6364
4604
120
6344
2729
8500
9056
5564
3691
7156
4625
3502
5396
3429
9492
175
9010
7505
2903
2396
5728
1092
6316
6049
5759
8451
4945
7528
4281
185
3081
4540
441
9774
4362
7518
305
7094
5328
5294
9939
8086
5390
2676
5028
4278
9077
4194
7085
5935
5709
6745
5461
6977
6383
4003
3096
2491
3722
82
3444
9920
3044
1242
7795
8727
6079
2932
2863
4321
9135
567
3449
4816
5529
7979
3253
6144
4714
7381
8754
5520
3677
3816
9400
6294
446
2209
2954
6735
4763
7958
2576
8158
8837
2921
1991
9073
6841
5750
9107
7890
1837
3456
6380
6887
6713
8223
5814
7246
1252
7183
1976
2009
6888
5925
3961
2378
2366
7289
4526
1846
7040
8633
8400
9610
388
6042
7666
7051
2513
2952
4730
5367
3230
9851
3683
9665
6728
9152
8719
7357
4699
6601
8290
250
9017
2365
897
946
7449
463
1884
9738
5425
1257
3068
8443
2335
9149
3606
9538
4015
887
5274
465
4750
5926
7422
746
9456
9698
3633
169
8938
1534
1459
3349
7234
615
5349
1312
6261
3498
6730
6635
7509
7865
9654
4680
8337
1428
1642
7705
1117
6072
5756
3475
3231
5518
995
5992
7577
3839
1280
7131
3592
1059
3025
9963
743
9482
3851
6874
5329
4620
857
3303
7320
1938
6047
4832
434
2290
4569
6087
771
2474
8367
53
5117
6855
9403
7869
2569
5784
3780
3471
3018
6037
7659
171
782
4122
6636
3495
3448
4778
9813
2621
9954
1659
8127
7524
4329
5040
3634
4824
5918
5985
9227
7154
3712
4438
2429
1868
8925
876
3540
608
6303
5170
4814
4774
5939
1793
7871
9812
4258
3791
5688
7751
3607
2694
6781
7809
7846
586
1535
2266
5358
1385
2201
5334
5937
7137
3976
3145
8137
8028
5827
9344
224
5157
7336
4042
324
9826
6598
5232
59
147
834
8462
2069
8780
8987
9644
7777
4612
597
9652
2349
1308
4644
99
2386
3271
6984
3560
3579
6797
6051
2615
7820
8984
5387
2540
6828
6156
1132
3275
3060
863
734
1470
1261
2197
452
9832
4318
7159
4709
4022
6605
1506
7924
8527
927
9259
2684
5004
5263
72
5051
6325
4359
338
8523
6561
7182
5322
3069
437
2832
3748
1655
2516
2469
1463
6707
2354
451
1118
7780
7210
2625
7565
3233
4451
2454
420
7664
2536
4066
1146
3876
9042
1103
6167
1930
1653
9675
8134
6460
3247
7091
9840
2593
2149
3890
5071
4402
1372
8609
4337
7838
159
3172
7928
1664
723
936
9642
4319
3865
679
9109
6834
1995
1051
9907
8574
1498
564
2306
285
5193
6684
1388
9814
222
7008
1899
8353
3468
6442
4152
8637
7016
6651
856
7130
4760
5929
8456
7430
4093
8381
1587
7133
9322
4257
1783
1676
7436
6494
9289
8212
3418
7815
7258
129
8190
9893
2
2688
7540
2538
8734
9158
5888
4176
1405
1665
6147
5972
2257
3631
5874
5471
3006
5683
7367
6585
6421
1019
2092
1652
1447
8057
2043
7187
127
106
8405
7267
1829
6168
8055
7197
4244
1574
5355
1473
2224
2044
7281
7708
1129
959
2691
8936
3413
5296
1486
3290
3221
6197
7541
4893
6620
7598
797
729
2030
2610
6008
9210
4521
2026
6912
4911
5664
269
7384
6587
9874
2579
8505
5713
6062
9021
8501
1693
8478
7406
6960
5909
6820
5672
1728
7117
7163
7032
9824
5177
2578
7404
4821
2987
5836
7905
997
158
1547
1000
1754
6041
4640
9949
2807
2337
1746
3506
624
9471
6594
5105
1817
8402
7771
4819
3659
4863
8660
386
409
1624
9215
1551
1185
6652
6142
2773
7124
1300
8702
8839
1919
8899
7279
1666
8391
8902
3931
2467
2761
3603
8298
7817
5441
9649
8726
1709
3743
908
2725
9637
3274
8196
6866
6743
5724
998
1725
9428
6465
6907
7192
9285
8115
243
6946
4891
2241
8850
5275
3112
788
5538
6346
4049
6245
9833
7295
6038
818
8625
9571
457
3314
4020
9574
4488
6110
8581
8119
6132
6172
3437
7241
9250
7019
7330
5480
8954
4619
7881
5417
4070
6698
4223
5513
4243
1774
2537
3179
4840
2048
8195
5604
210
8118
1621
7783
424
9990
5141
1912
8731
4968
2110
6970
3494
5033
1087
9338
7681
2868
9650
6546
9696
4700
6875
8945
7353
3382
3732
7408
5620
3987
5504
1142
8108
3862
1451
5197
9445
820
3088
9424
8419
2892
7111
3319
7559
6056
180
8510
9937
1813
4723
6833
7073
1528
8772
1358
9702
972
7134
8941
5901
5043
7804
6153
8288
1856
4419
7898
435
91
9533
7015
5148
2135
5911
8808
7756
5172
3573
9842
2259
257
2042
1066
8950
3135
5541
6096
1197
2472
442
7248
577
9453
412
9405
7445
9305
5241
315
225
5834
5466
397
1461
2332
1822
8324
6973
9174
5308
9157
4836
2662
208
810
8993
3938
516
7990
5857
7633
2736
5395
8211
4780
4713
8638
3305
8433
3363
7354
5079
4431
3333
7605
2101
4690
8711
1057
4117
2575
7452
282
3810
8883
1870
7872
7554
4942
4506
2613
2236
694
58
2977
8182
8599
7717
7514
4580
7069
7915
2111
4187
7752
7654
100
9876
9201
8017
8392
5074
2461
2692
1369
5721
2408
1411
5077
2498
7048
9212
5044
2600
2243
6576
7038
6609
6191
4833
7645
9544
1560
7796
9583
540
9767
4390
6076
2170
9852
9892
955
6702
1009
7910
9228
7268
8654
3046
3369
1517
5486
2858
6374
8829
7977
7736
7960
3805
8680
1422
3954
4335
4174
2021
6052
5446
5235
750
2769
9301
291
663
4145
1578
300
1014
8783
8956
1658
5124
8051
5989
419
2611
5411
4170
2344
5231
3213
1594
7992
596
7760
2599
766
2790
6568
2307
1541
3054
8738
2395
2086
6066
6464
1156
2154
5165
3492
4767
4458
6885
1796
9882
2256
7761
5570
5543
6161
9582
5221
607
3428
6895
8962
2910
8403
1874
3731
3098
7596
9634
5966
2453
7907
9896
2419
7602
7894
6416
4308
6053
1313
918
5143
4396
7724
9810
2902
3484
6336
4007
4255
1125
459
807
2708
1347
5872
199
6682
8466
8529
1437
2247
7988
8473
2417
1835
6646
219
1352
7237
9847
7790
2639
6514
1317
2191
1824
3761
7495
8763
5135
5031
29
1904
2874
3234
9573
472
6365
6247
8709
3454
5876
2949
4025
9703
5795
7096
5470
5870
2215
8884
1023
3357
267
6225
4811
5236
3571
4462
4542
7592
7263
2928
1025
3518
8011
4959
6913
705
2523
9537
8952
3321
3730
1894
7472
7812
6920
7841
8538
3654
8845
6827
3137
9131
1319
8787
9340
4574
7191
1349
5548
406
4165
574
1525
4207
2183
1943
6146
7840
1766
7230
4037
5947
9446
1011
6155
2648
8172
580
5022
9106
3322
9373
1516
5023
5278
4524
1764
7462
1908
8781
7519
8724
8304
3421
1046
3871
3598
2099
9465
2931
777
6724
3416
4391
5016
2013
8916
4554
9439
688
3711
8396
3080
481
2644
2405
4393
760
2348
2338
7044
7251
6429
6138
5971
7515
3245
430
9915
666
7225
1456
2401
5133
6714
5994
9522
9328
7630
6507
6256
5943
2968
2617
5718
9194
5763
5268
9185
6589
4864
8795
2566
7213
3259
4077
696
7720
6407
9770
8513
3804
5180
3199
4441
5069
6426
7683
1296
5115
9263
5412
1662
4073
1189
6232
1531
757
9140
3342
7300
2002
6581
4407
6363
3
7735
7011
9040
9670
1314
2950
1716
4910
9818
5781
3674
1867
7963
5378
2592
5851
3679
2780
2678
6716
8307
1685
7978
2462
2687
6619
6370
8830
2369
9795
1256
2440
3949
3577
6846
40
1965
4705
3853
3645
4205
9908
4035
7470
5333
2353
3670
7286
3001
4416
9396
1970
8926
7340
9749
4608
1592
7859
2749
1768
9532
1078
1889
6396
3207
8457
4758
1611
2410
2608
1585
6402
321
8351
2620
3114
4026
7486
9658
4684
4057
5913
6209
1622
669
2926
2131
6480
8806
8682
9716
9392
779
3637
9477
5665
6813
1599
1180
9570
2155
7076
4256
8788
3178
9218
7132
8831
2090
7233
7112
7179
9595
8228
2020
6721
4964
4011
7721
4859
9012
1140
7826
3715
1632
5092
767
3020
6081
3295
2062
2841
2973
7506
2883
3317
6596
2775
1494
2400
9236
3667
4266
5424
700
7346
3619
9870
3776
1577
6089
5687
1526
4377
5078
6099
5819
8371
8944
6775
4576
470
313
5391
5054
6254
328
1910
425
1484
5914
1116
9066
6128
7438
8439
5626
1604
5250
4034
9736
3872
5103
1138
3754
593
4741
2286
5607
7042
9731
735
8856
1139
3885
7627
1935
8802
701
2791
1171
1960
8430
8292
5831
9161
153
8773
3509
6388
2969
3182
8797
7252
478
68
1623
3767
7326
6990
4507
2559
2913
2700
6342
9137
3361
6516
1107
1083
23
9172
5963
4163
7789
552
3933
7753
8263
5163
2595
7959
7748
632
62
6856
8591
4237
4495
9647
4498
8421
3125
8010
2351
6554
5752
6771
4537
150
6154
8580
7585
3195
1018
7791
7621
5122
2948
9035
6941
8689
5837
7921
8918
9277
5974
1533
9376
4144
2717
8770
6171
3306
1613
9362
7530
939
1840
2141
7116
1322
4284
9058
7055
8562
4747
4543
7461
5551
3698
9384
1880
5132
4934
8452
3297
4277
5285
1434
4727
9
1115
7714
2551
2385
9176
6776
9500
606
8694
3479
6932
4577
2152
8123
1214
346
3864
2794
4282
2308
7822
6280
4175
3503
8662
646
1389
8395
4233
8927
6097
2683
716
4879
5007
5147
678
1641
9443
6629
3905
6039
492
1460
8669
196
2760
9213
9063
9887
790
1850
2300
3504
5064
8677
1318
1246
2656
6116
2363
5030
5104
3762
1050
264
5822
1972
774
6251
7098
6818
6968
9617
4168
9381
5496
4386
6755
6881
4918
3817
9917
7052
5693
508
7727
2754
4489
677
8718
4382
8455
467
6249
2482
2480
7480
8022
4982
3408
4844
4363
1074
449
8265
9946
4202
518
7962
8524
5594
4019
4259
4103
547
1695
7933
5846
165
9065
9232
9994
1079
4367
1371
36
4585
2830
1579
1852
7768
3483
154
7952
4724
2859
4
9530
2442
877
783
4974
776
4978
1639
9926
600
1805
5736
11
2996
7240
6106
7483
5508
9609
8854
2297
3262
7417
8558
2138
3967
5036
4992
5897
351
8911
3487
2212
3346
6353
4210
1274
2799
7374
2550
1807
8532
3699
9765
299
2301
5233
2392
9866
2798
9901
9784
7546
2882
3635
9360
1926
7929
4921
9342
9139
7465
7834
2372
1468
7574
1445
1084
9118
8023
1497
529
4826
309
9789
5829
7502
5619
2404
5059
7656
9747
7476
3189
6229
655
8286
164
891
1823
8955
4046
1686
5120
1453
6398
8866
4338
2078
5293
6534
1784
4494
2933
2046
1184
3123
9504
4985
2380
1500
6978
5510
8737
3078
9690
8800
25
167
5771
9327
218
6401
7637
4935
1683
1832
1631
7743
635
1282
9457
6035
7782
5107
2178
9923
3897
6234
7496
7125
8390
4784
3797
2938
7307
456
4190
9193
9111
6763
4646
2356
8234
345
8778
8745
9440
1427
551
9242
8752
7223
9024
8173
9604
4053
4772
793
3033
4549
1148
2803
5113
1924
2164
6214
1580
3435
1901
5977
8561
3438
699
817
5715
3095
6454
626
4896
3226
9600
6385
1875
8136
7425
9382
2602
5001
5880
3507
8458
5248
519
339
5949
9235
728
8948
1836
9625
931
5904
2980
4394
8424
362
8841
8685
1588
5554
155
4061
9938
265
7250
868
4193
3071
5679
280
2899
2989
3528
6927
510
1826
3773
7853
7219
7689
7114
1950
5938
6372
4500
3457
4224
8204
2588
974
4999
4283
7828
3242
9553
1464
4340
2843
4459
4437
9760
9209
4114
9379
9485
7774
1077
1640
506
2433
1819
8273
340
9095
988
4270
9593
6859
2762
3278
8068
1767
6933
227
6382
1929
4375
5670
9200
7557
6295
7974
6869
4177
8749
907
2007
7148
6535
9380
2763
8759
5523
3376
2664
8236
3781
6883
3106
6186
1575
3823
4801
9113
84
4902
8855
5384
1827
39
8572
5019
2732
4545
4659
6127
828
4157
3682
2831
2064
8300
1370
6900
7458
1485
7593
9216
8205
753
1907
5682
5380
8997
1366
9693
4873
7679
629
637
768
9633
861
9764
5923
2737
8249
4112
7216
987
116
443
5597
9087
5881
911
928
9244
37
934
3092
3056
7277
3687
4387
6248
706
7544
6219
5774
6510
9884
2490
1998
9727
5830
3222
8170
1887
8375
2150
3593
1933
9442
6102
9141
6198
548
8540
3841
5951
1234
8357
1284
5082
152
5439
5401
3441
3728
2195
786
3521
1773
8542
8047
2943
7516
6798
176
6471
276
6187
4522
8667
721
1168
4028
8474
2345
2129
2581
2693
3782
9283
589
8536
3010
3373
9631
8246
426
2343
5644
7604
5867
8072
4719
4502
7168
2787
4560
215
7299
3223
317
9701
3419
2562
8275
6194
1240
3787
9462
4418
4796
2200
5010
4892
9656
3534
4773
8771
4273
1419
6151
6784
8785
1150
3482
2280
964
4687
1544
6002
9988
8293
67
930
5473
7590
7002
7517
9297
538
4081
3401
8332
5063
9275
7062
4996
4520
4862
293
12
4639
3347
1225
2122
5533
2412
4691
1937
7653
5826
9677
6758
7447
2418
1344
1790
3601
4125
7625
2014
3879
8447
2888
6109
3405
5921
1293
7456
7443
5192
9788
8650
9888
6683
9510
9877
9659
7711
2524
9815
747
6626
7703
5898
6243
3206
9594
9929
5915
3756
6207
5565
64
1120
7257
6995
1814
8704
2606
6686
1113
7543
8901
5158
7037
432
5436
2452
6809
3653
8565
9398
212
1921
7190
8652
6045
6530
46
9079
3115
4510
5512
7063
7702
7394
4595
9806
5732
9026
1391
4875
5055
8378
3452
576
4286
2302
1720
7695
7228
546
3352
8366
2377
672
1367
6567
8627
5204
5110
4108
5505
2789
9316
6764
2455
3348
595
6215
379
2720
2520
7862
4530
6459
8175
1612
1520
6656
1508
1717
3151
3493
5958
9293
9811
8490
4344
4947
6242
3895
903
6425
2388
9793
5891
3380
682
6613
2927
4385
2264
6894
5668
8791
8139
1636
5673
4476
3913
5738
2999
7902
673
8387
2618
1858
2120
3818
7909
8688
8043
7256
3778
503
6528
7107
4251
3062
7970
5457
2861
3048
4124
9254
42
2229
2886
9302
3254
7762
6439
5445
7229
7298
1462
3067
2447
4118
3901
1916
7675
2253
3238
3736
2328
5796
7383
7776
5500
5128
796
752
7176
9958
5776
4127
6238
7556
9950
7750
9933
6503
3701
7222
3746
6509
6055
5936
9672
5793
6536
1967
6708
2158
6734
9844
8325
2506
1490
9766
8015
6785
5893
1110
5636
2309
2196
7953
7971
7684
1357
4000
2689
6233
5114
1877
7224
1492
6350
4218
5100
725
3308
8739
8506
2976
9961
7090
3572
2887
1037
2953
7669
8600
554
8557
7830
3764
4075
7814
3453
7429
5200
3264
7036
9667
4162
6718
329
571
3459
9619
6408
8735
7147
2124
853
4471
10000
6145
1290
4014
3720
7860
5198
6448
1738
3663
197
3065
7479
5111
6695
1656
2273
3583
1761
9936
121
969
7402
6980
3036
7882
1228
4444
248
8461
8809
8776
3246
130
4876
3084
4613
6083
4304
960
4805
74
614
9555
5879
5245
4571
2716
51
9315
2034
6974
5761
4324
4830
6538
8363
7018
2321
3133
489
7995
7059
7305
3263
9921
3621
4743
6835
3975
7657
9000
9728
980
8014
8611
2284
4249
985
6522
4628
1062
7215
3911
9804
2299
5301
1067
5303
247
8630
2341
9589
8675
5389
4346
1984
5545
4115
7377
1568
2908
6647
9515
5463
6935
8084
8753
1041
1024
8634
1220
1971
41
8100
6929
8672
883
483
2115
2779
1351
9629
7805
2951
832
408
3204
5596
1304
2590
3362
651
9955
598
1529
9983
2242
1969
6777
4915
2017
9069
8970
3792
9580
2061
1222
4757
6483
191
5034
5046
3858
5053
7451
5980
7981
5015
2383
7316
1158
5800
9511
8159
6180
1550
9306
4001
6394
5298
4701
3829
4412
3750
2983
7323
5794
3193
8276
8033
2857
1401
9554
5339
5717
7080
2406
6449
3026
9128
748
1775
2459
835
3089
5363
9534
8088
2714
4408
3219
2739
3896
1247
6628
8274
1418
1193
2204
7104
6277
4323
8130
8083
7031
3566
1224
8673
2675
1331
2220
8867
802
4888
5522
1558
2460
6018
9353
5125
2428
1903
1450
5922
7786
4426
9046
9753
8282
7916
2202
3922
2222
5356
5798
2448
9267
7427
6310
334
9117
8645
1949
1034
1724
314
1552
901
326
7798
5421
4654
3511
7244
5792
3527
2751
4807
8610
9476
1863
4234
2896
3339
2814
578
5502
6403
7203
1354
1735
350
7162
7719
3983
1276
1779
6417
9388
2054
7338
7231
7787
9873
7227
5038
5869
3815
7361
5639
8191
5574
3559
1159
7628
9999
8885
4101
1188
2634
2427
400
5400
7334
5993
1111
9655
2288
7272
6192
5503
2142
5907
5340
2822
4948
4043
8828
8888
4692
7875
9660
2580
6118
3508
6484
1855
751
4838
6737
2666
2161
8020
5583
4442
3037
1732
4943
3755
9881
5061
5747
7195
4897
8362
4575
3786
5779
2878
9790
2812
8714
3439
7799
5037
8784
7631
3328
6719
7982
7120
6032
5039
6481
3599
5824
692
3713
2652
3618
1064
8579
7432
7949
9404
4196
6921
8428
8317
1591
8394
349
4857
2012
4482
2774
8418
2946
3988
8291
784
9489
3760
4487
4584
6948
7821
4678
103
4547
7940
3735
9906
9855
7420
5048
7889
5354
2510
7365
486
7166
4492
3104
3924
2336
2323
8986
1502
9331
6599
2390
3733
1215
3481
4018
5600
9491
3388
7013
2333
6870
8313
4356
2561
4552
4511
7382
6028
9508
7650
6377
6751
3425
9542
2483
3833
5875
371
8743
7747
1454
5222
7309
2203
1646
2103
1542
5643
719
4012
653
9948
9520
6430
1905
8764
3066
7061
6884
7385
3266
7670
2572
1524
704
8259
7056
8876
7744
9091
7742
8185
4735
8516
4080
8386
7510
7754
6632
9663
3165
8026
1509
1831
8339
6756
4276
7236
8629
2159
490
9951
4302
3131
7333
6956
5423
2416
9971
5719
9187
5062
2918
6218
6631
1133
9942
736
9630
6691
7610
4370
2842
5344
3460
6778
592
6796
5890
5745
638
9817
230
6863
1378
1583
1397
8355
4479
4516
1157
2808
7411
6009
448
9886
310
6208
8330
3726
9348
1750
3808
5352
1944
5258
1501
5050
7764
5203
6526
712
5398
4312
6925
111
9052
2629
7997
6369
3665
5485
2552
3085
9548
1913
31
2329
8563
4843
105
3850
7608
9413
4167
6830
610
6075
3881
9154
9902
2488
7235
2646
4230
6043
611
616
3340
2281
8481
8933
8188
5455
2275
6565
8843
6753
6152
9918
4759
1426
3803
1399
7347
4636
3302
6630
9889
9208
5534
7302
8799
8031
2089
986
5305
4643
1387
8231
4238
1675
2682
6404
4136
1567
3051
6134
7057
8872
3834
1505
4109
7671
4401
8284
7676
2875
4082
3910
9229
135
2574
7861
9699
8446
2829
9723
5789
848
7899
149
1131
5183
6569
4134
3094
8261
3763
2564
2049
2872
634
9378
6551
5287
2248
5853
485
2024
3710
4557
5769
4790
6676
5090
6999
5889
1848
9713
4662
3035
1673
3052
1279
6085
8039
6917
172
3406
8252
6246
1006
3719
708
9969
4519
3898
2753
1127
3083
8903
5635
3908
843
3838
4787
4799
1147
4505
5524
2473
8262
1980
1584
9535
6506
4044
1198
8497
2001
1323
7874
5931
6395
4310
390
5318
8820
2140
3695
7568
9074
7379
8397
4376
5265
4939
183
6537
8605
3024
8102
6612
3160
9298
4679
1288
9525
6185
2942
3185
8937
3286
5121
2413
3835
6577
1431
8871
7613
1076
1879
755
9436
1303
8380
5385
9003
5202
453
4581
2616
6311
9308
5316
4209
2651
894
5468
6857
923
8074
365
3996
1697
5284
1121
3228
4977
3431
7488
8342
9226
1610
7770
8934
2240
7437
1825
6689
8414
7522
2466
2091
8768
3043
9664
4320
6319
8092
5905
5835
5084
2965
3469
7811
2227
9168
5631
7105
1651
5684
7578
1788
2132
957
9635
8090
6381
7682
3789
4599
2905
5413
6334
1268
5451
8277
6281
4927
7677
1395
3973
8361
3209
906
2665
9927
8007
9422
9956
831
1820
8210
6428
9834
5562
2849
1153
7827
1436
5828
6313
281
6445
7020
8668
8920
5060
8848
4645
8437
3718
919
1800
1668
4969
6975
6274
9070
7012
675
9365
4267
5572
7070
2127
1241
584
6290
466
8077
8882
642
4179
5277
9588
2852
1966
387
3759
6230
272
8310
3664
4950
9931
4002
7725
4499
3331
411
9996
4895
6531
8998
1008
6515
8982
5099
3909
5306
8863
9374
118
8085
3379
5754
662
8087
9178
1741
2698
3169
8968
8343
6880
7616
8569
5335
5220
2376
4563
8805
9709
9421
8412
4299
892
9361
8636
7856
2514
211
3120
4397
2898
2113
5014
8229
7566
2032
1043
5392
2250
7586
8044
9057
1809
4822
2226
7196
9715
9055
5196
6378
7434
3512
2816
1882
2856
2941
618
5611
2501
7549
1734
9560
9970
5080
4994
9419
9375
6816
1207
495
5714
4623
1979
8149
6557
2961
8148
9369
2828
844
3255
90
9071
1633
8983
2745
9025
5566
9011
5886
6375
4398
9029
3190
8163
2744
4846
5553
2661
3288
6030
8035
2291
765
9163
2788
715
2893
7082
8340
398
4039
5585
8064
7934
4866
4779
3928
5765
1614
5091
9062
436
5228
3793
1258
5634
9081
7582
6488
7784
5058
8873
4610
9416
8608
8949
9247
3753
4986
7074
2121
389
7531
5959
2845
6524
5249
9816
3411
5790
6098
9651
8717
5978
8504
9823
1204
8303
4306
1898
5410
2532
277
43
174
5632
3019
5902
6807
7692
2937
4226
2619
6893
1231
4792
9673
1230
860
7135
1089
9252
8360
9175
2851
3887
4239
8232
3203
3627
2855
3880
2847
5629
6633
6490
4490
8592
5772
6034
8698
2260
4030
7729
9796
4853
9357
2094
1806
2957
6126
6562
401
8281
5856
7054
5729
4657
1396
2994
2622
7202
8875
2314
7030
7474
363
2079
7214
5201
2783
1315
6315
22
7398
6850
7937
9786
7535
3499
4925
9980
8751
9198
575
3946
1804
9009
7733
9883
3073
6241
9638
2277
7918
2811
2435
337
4188
1316
471
3251
6864
7891
8320
8311
7523
4417
3514
9512
9119
6470
5744
4960
9529
3580
98
4732
1311
6029
4518
9085
8062
9307
7534
3470
1539
9602
9053
7663
5234
5244
4050
4693
5330
9932
8703
502
7060
9366
3955
9170
6768
9957
3061
6952
2738
601
5701
6903
7026
888
3867
16
1983
2677
9204
8991
8270
433
4683
8036
4515
5364
1192
3752
7643
4975
9640
1948
3742
9974
9871
4570
3934
2785
9579
3281
3741
9831
8251
3368
9475
9750
4220
5976
7362
4481
2167
3860
7868
3017
2137
4751
8700
9613
4016
7255
1677
5253
2567
3915
4850
9458
223
7772
2085
5862
948
2796
6129
9432
6121
4745
7043
2587
3141
9196
8894
8790
6808
5017
6475
4726
2947
4916
4189
7328
2817
1330
5845
3555
9608
4738
4667
9173
4856
4602
2082
921
4341
6648
5346
394
9501
5246
2294
1452
5189
8153
3161
4316
9558
8140
1417
6564
6699
8732
7512
3030
5580
113
9863
8240
1789
1384
2640
1620
1095
8453
2070
6335
7533
9585
8761
3535
3294
6588
7944
1802
4466
6301
438
2107
9234
6623
4752
6838
982
6438
566
687
4371
1918
9452
6384
3150
5088
8534
156
7004
5690
1263
8449
6767
8546
4253
1137
9036
5331
2512
6979
732
235
5449
509
3795
3097
530
8094
9359
7709
5770
7611
5653
4450
5434
1722
8518
8973
9205
3272
4236
2271
2083
4800
3541
1844
8364
7318
5700
6265
4369
8111
5217
5624
7879
4632
5477
9423
2500
7293
1392
1195
1270
9845
5854
8239
2786
7623
5020
8814
9756
1042
7204
8919
2914
1684
119
8201
3685
9821
6190
3273
8049
4867
8370
5013
622
8192
6431
9724
6111
2838
9132
1467
2519
9253
6115
1183
2423
9825
7885
2557
4313
9279
2900
4627
6914
6239
6298
8907
6341
7935
5388
366
6137
8328
9899
1985
7900
5614
9321
2446
3537
9708
1007
8661
8052
240
1425
4465
3378
9910
6951
4865
3365
3886
4089
5849
5448
6655
4565
8904
9179
4472
7797
5934
2147
6962
4707
3745
3359
4908
8906
5430
6996
2641
2865
8746
658
4364
2251
8530
3257
9606
5677
8892
2298
493
1596
2252
1398
1941
4951
1718
9735
2000
8942
1692
657
3004
2748
2407
8526
1338
4345
6693
3960
7986
2437
9402
6739
6060
5950
9427
1446
9854
2805
4159
330
3400
3914
3640
711
4789
8299
7938
9221
5290
3652
4794
234
7045
6502
6572
1499
870
104
1511
9868
8248
5788
5472
916
4748
8994
344
731
3260
8590
5733
2175
3345
9527
7337
6418
1343
94
2075
7086
1124
4883
173
3474
8736
9552
5397
7932
6447
3156
3280
5707
6159
7500
4936
1239
7601
378
8779
961
202
8989
9627
9777
4171
5376
2784
1537
5716
1483
8696
2871
6539
19
9787
6694
6202
2177
9935
108
1298
787
7100
3058
1226
9576
455
4720
9550
6260
7903
1945
3985
5778
3868
726
473
1334
1503
6959
5282
4906
5667
9540
5783
6299
2944
8792
7857
2148
7686
6666
5427
8335
7007
9615
7994
1708
8804
4467
9977
5995
1255
7103
288
9039
5314
3426
1606
8975
3276
2820
7920
5264
744
6580
9093
3473
822
8213
2833
1105
6971
5727
9968
5669
6711
7511
9718
7526
8881
8479
1210
3775
8601
4322
1540
4275
8798
9513
4967
1174
9569
7243
3784
8628
7239
2975
279
1291
4105
912
2759
4357
697
4128
2772
9281
9146
9879
2663
9150
3167
6176
3948
1305
3269
7290
913
8045
9466
7049
8237
9249
8435
7269
7849
2685
5146
6744
5722
1557
5175
6244
1545
4648
5560
6495
5394
3170
6729
4389
2136
8171
710
9984
8811
3729
7169
8887
4420
454
8796
1038
3936
4660
3144
6136
1906
1760
6791
6286
935
4139
1742
9986
63
4164
8978
3392
179
4204
5138
3569
6112
6622
1617
4983
361
5365
5215
643
9084
1161
1795
4923
4791
1114
2451
428
1144
6794
5261
3962
9857
9429
4104
5968
7942
6521
410
2409
7291
427
2261
4048
1953
8713
6649
7484
1603
5336
7313
3994
1974
9762
3100
7380
4029
2821
9697
7848
372
214
9782
7652
3842
8184
652
9916
1886
8774
5859
5735
5877
5556
7580
6783
3554
1543
5185
9304
4392
7845
8575
5174
9801
7089
2058
9447
2036
3075
7925
3398
7956
141
5547
9494
8104
2770
9556
9341
6019
8596
9733
8006
5920
809
5593
7254
4711
4761
1896
6263
3570
6937
4343
3510
5289
6513
1672
5841
3970
3668
7961
521
8217
4047
7034
2265
645
5666
5803
9596
3261
4203
6919
9648
7620
7887
4027
1733
4293
5465
5224
846
8041
7477
8544
6409
9995
4227
1749
3390
579
5740
9705
6867
1465
4538
9415
8399
7658
5900
9993
7304
8121
3148
1925
4815
3162
6823
3008
6479
484
7792
6811
7520
539
1629
9386
6541
6910
4422
9098
1727
3657
5506
3945
3788
8477
5609
8905
6815
1564
866
7301
2891
9952
770
6205
4342
9197
9707
7713
8233
5642
8215
6988
9478
565
9417
8368
681
910
4406
3717
7778
636
9759
7332
996
2276
8710
4733
514
2310
8617
375
4686
742
1688
6733
5447
4137
9015
5162
6769
161
3215
97
881
6004
8976
6446
6969
5584
8143
812
1751
954
479
2015
8851
5005
1104
9231
1135
4010
612
2258
2998
6845
2060
5260
1049
8382
1757
8235
6817
6899
537
9628
5070
9022
6837
4384
9775
3697
3155
8410
8105
1438
8522
6773
6486
5839
8708
4597
2827
3350
7033
2444
2854
6504
3140
2904
2713
8377
5525
1379
2109
3644
9323
7989
8226
5408
6069
2650
4231
7146
7723
7273
4469
3164
7092
6681
5456
5188
5353
3959
287
9909
6141
6125
5954
3393
3656
6284
7306
1977
1747
1794
4797
3166
873
4781
1365
1196
8908
494
4199
7976
4561
9839
373
1245
8910
9989
5697
9051
7455
9575
9230
7843
3552
3900
3802
8372
7401
1847
6644
3561
9862
9354
6496
5002
7508
4605
9643
7170
8082
3626
7893
6658
5561
2018
3050
7651
9291
7372
7950
3445
3168
3844
3325
8491
3187
702
2702
5056
7416
3146
7481
517
827
3267
1792
3798
3225
3647
9611
780
5000
1165
341
7077
5068
9206
5706
9546
1063
1786
6349
1380
772
6288
5884
4765
3602
4445
6527
3522
4154
6663
27
2004
423
2984
2647
8864
8345
8742
7716
1667
9320
3517
5887
9116
6297
850
6472
143
1348
2768
2964
8537
1477
4349
6653
932
6878
4675
7913
5118
2922
9125
8619
1164
561
9352
6050
4558
4768
9711
6840
8124
7068
6930
2213
3930
9264
4285
1218
594
353
4535
542
983
132
2558
7562
9064
5699
6821
6040
2582
7296
2037
905
513
1394
7303
163
3768
7966
5027
5970
3814
7138
475
3739
5317
3600
5847
7095
2696
7589
6220
9076
5927
6391
6462
805
1269
5866
3980
260
3678
9900
2346
342
1440
308
7448
2679
660
1012
8081
1736
1986
1206
7542
2504
1704
2165
198
8338
4106
5160
3766
3467
8128
2457
9364
8932
2802
1909
4635
468
9406
2496
7622
1112
6692
5517
6287
4246
2219
5419
8199
9317
2130
2848
639
391
4829
5474
8622
9288
5659
8492
2995
8285
9368
3673
4374
3545
2554
6122
6945
6519
3119
6157
8314
4834
1691
5535
2635
5855
86
1466
5435
9261
6802
3840
3188
414
1576
6276
6340
8296
7547
1381
7665
2023
7065
1032
8959
3581
8951
1294
8441
8260
144
3038
8312
9861
5694
253
3360
8765
6687
6236
3556
5552
1205
5955
3649
4932
8974
6279
8499
3661
536
8465
4587
3929
4631
8687
2391
7284
7025
1845
5443
3012
3957
7503
4972
4980
2282
5067
9280
9394
4555
968
2117
8981
9395
5047
6731
2151
1004
2719
8341
745
8621
6179
4348
951
3496
5592
9162
2232
1026
1065
3825
8730
6389
8089
6487
1920
2707
1931
5323
8604
6007
1923
109
252
3920
4265
9470
4213
511
254
4823
664
5256
7638
4060
8266
4940
9266
3565
8943
4655
8468
462
3539
1152
384
3109
8960
6715
9292
6604
124
3613
942
7325
504
838
2730
5988
5479
5708
5817
7785
9645
3330
9781
6752
5313
195
2681
8009
6054
8827
4889
819
8615
4919
2315
2667
9127
2102
3011
8454
6972
5025
4641
5350
9499
4764
2792
1017
5515
8632
355
6829
4294
7253
4410
439
5136
9199
2063
6983
3629
8287
4971
7164
1027
7647
2495
8967
3434
4885
1337
3574
7965
7017
3289
447
556
1353
5096
7548
2643
1990
4676
7914
5933
4817
4477
333
1654
8631
9156
2387
6259
213
482
5042
5689
2305
259
178
7433
2864
9523
9894
1491
7108
4894
3604
6021
8692
7807
7329
5407
8648
9393
623
8789
1045
1341
7386
7948
5605
93
953
2270
4096
7569
3704
5469
9177
9966
6865
1054
3488
4150
9290
2596
1546
450
200
7494
7288
4914
8929
6063
5526
9148
4615
8135
5773
5612
3143
2334
7576
5818
8388
5601
9418
8132
4290
6754
7392
1407
7413
3211
6174
3039
1471
7607
1962
4961
9607
5045
6253
8264
9509
4525
4054
7704
1448
7951
2076
3283
3811
3384
8868
4860
3389
1645
7667
5433
3646
7612
9075
8411
5302
128
1928
4021
3110
9495
8482
3311
1843
2879
2477
2509
380
6558
661
5300
7150
8909
474
6456
5568
5153
3116
5999
3854
791
8729
6563
497
7122
1730
4609
515
1376
8822
3370
9599
830
3455
2402
8567
8167
7591
139
9975
1271
7399
8021
6435
3485
217
4870
2011
2289
4309
917
9145
6440
9050
3524
2379
6911
8985
102
3174
7006
7423
9214
5975
6293
3721
8825
5760
9720
2118
477
405
8209
3239
9598
2690
1249
9202
8294
8272
7029
7175
1776
8066
9460
9390
1266
35
2295
4090
7749
9903
2326
3409
7024
9674
915
9930
2589
9543
1219
5409
3543
193
5152
6211
4064
5168
76
7678
8678
1955
4970
9820
4425
9165
6668
8528
2272
2547
6203
9836
8434
7672
1299
4886
836
9487
2210
8741
5542
4143
3045
3874
535
3463
2268
2425
2112
404
9626
8384
10
136
385
416
6025
1021
815
6359
9800
4890
461
3769
4573
2782
2398
758
559
3648
8939
52
8254
2028
7119
5782
9807
1482
563
8255
5595
904
9090
1328
9257
1670
6991
1098
532
2022
683
9389
4591
8715
8870
3990
5731
8640
2088
7000
8803
9355
2033
4440
5748
1726
9878
6188
1325
7850
2776
641
8512
4221
2499
1495
9601
6386
7599
8551
6518
5573
5337
8027
670
3923
1864
2834
7126
7249
33
940
5169
3806
3375
8748
6322
381
7221
322
3477
4058
6789
9133
1250
8034
3947
7810
2283
3935
1363
1493
6148
3832
2371
4661
6368
8613
4809
523
3177
6500
6140
6858
965
7097
1096
8129
804
9330
2218
2508
7388
4929
9502
6082
6415
9033
3774
945
374
4287
8758
2003
7567
7808
5806
8624
5739
3201
4688
244
1643
3023
1160
4274
5458
7722
555
2869
8553
7217
1295
2375
1798
6400
5965
6688
6985
6760
4878
9313
8004
821
9296
1362
8509
761
1056
3856
8398
4593
6955
8099
3374
5488
2403
5476
6059
1562
9459
2544
5377
5095
1404
7636
4582
9124
9002
6747
2916
852
54
7463
1851
6634
2528
8878
7242
3442
4546
2249
2840
348
8256
6976
1705
5035
1756
9850
3309
5208
5696
4222
8401
296
3227
9347
7996
3216
1324
9203
2367
713
9808
3681
6135
4802
6306
9346
3882
2873
5372
8138
738
8966
9183
9751
5026
4955
5599
3423
1917
7212
6163
270
2701
6987
5270
5767
6413
8834
4153
8810
3028
8122
4877
1002
550
8484
4812
9407
6555
3889
2163
9120
5267
7646
8318
4594
5011
6544
3291
8539
9027
6193
2106
7312
8219
8323
6177
9636
6461
1914
3978
553
5725
8860
7972
6393
3694
4434
7802
8701
4160
7459
9934
4242
3660
4813
990
9038
4228
1694
1939
3157
8486
4247
8145
4173
8793
6949
2045
112
5292
1548
6036
4788
9803
773
3197
8616
2445
496
4617
8356
4729
3082
1145
3214
5681
8459
5948
5279
2929
9914
570
1857
7260
3515
6886
7356
8053
4292
9763
4666
9060
2735
1259
9248
8657
7587
6578
9545
1383
3799
9191
6113
7816
5199
2239
1635
6868
6330
2108
3714
1015
480
238
5777
7275
7205
3021
9224
1088
2360
5962
9082
3433
7501
9964
9160
4185
9258
2006
6443
9734
8582
2503
2818
6463
6399
9324
9551
5093
3883
7403
1209
2193
8541
7186
5438
8373
5753
8564
9019
544
2962
8463
648
5871
8992
8485
5956
5908
1289
7348
9335
5587
9791
2981
1719
5229
9778
4589
2162
5657
2612
7067
3605
5475
5415
8794
8024
9490
720
1281
4861
5997
8846
6057
4147
1170
3783
7609
684
976
3005
6410
302
2673
5286
3176
311
5186
5179
5957
2055
7308
7363
4405
2555
560
241
5850
5952
569
9089
2373
4567
2632
6467
1932
4067
4071
9985
4051
1712
3415
1449
3662
5805
7167
8225
294
2471
6451
6766
6825
5297
2686
9300
864
5134
1769
1682
3596
7991
133
3831
