100000
99983
99971
99957
99944
99933
99926
99908
99908
99908
99904
99890
99888
99862
99853
99852
99820
99814
99811
99807
99805
99803
99791
99787
99777
99762
99752
99744
99734
99732
99729
99703
99692
99675
99664
99648
99631
99630
99624
99620
99620
99612
99598
99587
99585
99551
99547
99546
99538
99530
99520
99518
99515
99505
99494
99492
99487
99470
99469
99466
99462
99453
99452
99447
99436
99436
99432
99430
99413
99384
99372
99344
99300
99290
99289
99286
99278
99265
99253
99246
99243
99218
99218
99212
99192
99182
99155
99148
99139
99132
99122
99105
99097
99095
99087
99076
99073
99050
99045
99042
99030
99028
99021
99020
98993
98980
98968
98964
98958
98957
98949
98935
98935
98905
98898
98896
98892
98887
98881
98881
98867
98864
98859
98847
98839
98837
98817
98802
98797
98786
98748
98738
98737
98733
98721
98715
98715
98698
98682
98681
98680
98669
98662
98646
98638
98632
98632
98627
98620
98612
98611
98593
98562
98523
98500
98500
98499
98492
98490
98489
98486
98398
98394
98377
98371
98367
98357
98342
98295
98243
98241
98211
98197
98183
98181
98177
98165
98132
98109
98099
98098
98076
98066
98062
98034
98031
98022
98020
98010
98009
98005
97971
97967
97945
97937
97927
97914
97901
97892
97882
97881
97877
97865
97862
97861
97849
97846
97834
97833
97821
97802
97800
97797
97789
97787
97781
97756
97751
97750
97742
97726
97712
97708
97707
97705
97704
97700
97694
97676
97661
97659
97656
97652
97640
97630
97627
97622
97618
97600
97600
97590
97575
97570
97547
97516
97478
97477
97476
97472
97462
97423
97377
97374
97373
97361
97342
97341
97339
97339
97335
97333
97331
97319
97301
97279
97276
97270
97245
97243
97232
97197
97187
97174
97172
97165
97161
97149
97145
97143
97129
97113
97092
97090
97086
97076
97068
97055
97040
97040
97031
97011
97010
97005
96996
96994
96982
96964
96959
96949
96945
96938
96932
96913
96901
96890
96882
96866
96826
96810
96809
96808
96765
96759
96750
96746
96689
96674
96672
96664
96664
96663
96660
96657
96656
96649
96648
96636
96629
96619
96618
96604
96602
96589
96588
96584
96577
96562
96558
96553
96547
96545
96520
96516
96510
96508
96499
96485
96473
96458
96441
96432
96430
96418
96408
96403
96401
96375
96367
96352
96341
96302
96297
96272
96264
96264
96258
96241
96240
96240
96238
96235
96204
96201
96184
96144
96134
96120
96073
96070
96063
96050
96036
96029
96028
95998
95997
95990
95945
95943
95936
95935
95911
95910
95908
95906
95892
95892
95891
95885
95884
95878
95875
95874
95871
95865
95853
95846
95819
95810
95804
95785
95785
95777
95757
95744
95728
95722
95708
95699
95694
95684
95677
95655
95654
95654
95618
95562
95541
95536
95534
95491
95479
95476
95473
95469
95458
95435
95433
95430
95415
95409
95398
95393
95383
95379
95363
95347
95324
95310
95308
95305
95299
95298
95280
95276
95269
95267
95258
95256
95246
95235
95205
95201
95195
95193
95186
95171
95164
95083
95078
95076
95066
95052
95037
95035
95017
95013
95006
95004
95002
94994
94984
94965
94956
94911
94905
94904
94898
94892
94871
94871
94861
94853
94848
94838
94832
94812
94804
94786
94777
94764
94718
94706
94694
94692
94670
94667
94661
94645
94644
94635
94626
94626
94622
94614
94578
94567
94566
94519
94516
94513
94512
94499
94498
94486
94485
94475
94475
94468
94456
94453
94448
94442
94420
94407
94401
94400
94399
94387
94384
94376
94373
94366
94359
94313
94312
94291
94276
94271
94251
94242
94234
94230
94211
94180
94159
94153
94143
94135
94108
94084
94083
94080
94074
94070
94068
94058
94054
94044
94038
94029
94027
94026
94015
94006
94004
93994
93980
93974
93969
93948
93948
93946
93942
93933
93929
93927
93910
93904
93880
93866
93848
93847
93838
93837
93819
93814
93810
93805
93782
93766
93765
93745
93736
93722
93722
93709
93700
93694
93691
93689
93689
93686
93676
93671
93663
93660
93654
93581
93568
93546
93543
93518
93513
93506
93480
93470
93447
93444
93438
93425
93420
93415
93407
93397
93395
93392
93391
93369
93347
93345
93339
93330
93315
93306
93274
93235
93212
93209
93179
93173
93165
93160
93156
93156
93155
93149
93118
93118
93117
93117
93114
93110
93108
93108
93100
93099
93095
93087
93083
93082
93060
93060
93052
93046
93038
93035
93021
93013
92998
92996
92989
92984
92982
92982
92961
92953
92948
92902
92892
92886
92883
92868
92857
92856
92840
92840
92828
92825
92818
92818
92811
92810
92807
92791
92791
92772
92764
92755
92748
92737
92734
92724
92718
92706
92702
92694
92693
92687
92637
92631
92625
92614
92580
92579
92573
92565
92562
92556
92542
92540
92527
92499
92497
92495
92484
92471
92466
92452
92441
92424
92419
92419
92411
92410
92386
92385
92361
92360
92354
92343
92334
92332
92322
92311
92300
92297
92286
92267
92244
92243
92242
92224
92223
92218
92194
92192
92186
92185
92182
92176
92165
92146
92129
92120
92114
92113
92102
92094
92090
92079
92076
92075
92071
92004
92004
92003
91986
91983
91977
91975
91970
91963
91958
91948
91947
91947
91944
91939
91935
91919
91916
91911
91909
91906
91902
91901
91890
91886
91879
91865
91862
91844
91833
91827
91819
91817
91803
91801
91789
91788
91778
91739
91731
91730
91727
91716
91713
91689
91679
91662
91647
91626
91590
91583
91573
91564
91553
91533
91519
91504
91493
91491
91485
91485
91475
91448
91441
91440
91429
91399
91386
91365
91355
91335
91334
91334
91330
91324
91316
91290
91270
91250
91240
91224
91224
91220
91197
91195
91192
91184
91173
91149
91142
91114
91112
91106
91089
91080
91052
91045
91036
91025
91023
91022
91021
91020
91005
91002
90998
90970
90968
90966
90959
90957
90943
90922
90917
90908
90885
90876
90874
90851
90826
90821
90808
90793
90792
90779
90730
90723
90722
90716
90700
90678
90674
90672
90666
90652
90636
90632
90613
90605
90597
90589
90576
90570
90567
90562
90560
90558
90543
90528
90527
90525
90521
90508
90501
90472
90466
90458
90450
90448
90445
90437
90432
90422
90421
90417
90416
90414
90407
90401
90387
90359
90333
90331
90331
90319
90296
90293
90291
90287
90282
90264
90260
90256
90250
90241
90240
90239
90229
90225
90223
90196
90177
90172
90161
90150
90143
90136
90124
90123
90116
90112
90109
90078
90050
90049
90042
90041
90015
90011
90002
89992
89984
89972
89934
89934
89928
89928
89926
89922
89920
89917
89916
89906
89894
89880
89879
89851
89851
89843
89832
89814
89814
89773
89768
89761
89757
89756
89753
89735
89732
89687
89656
89635
89606
89604
89574
89568
89561
89556
89546
89533
89530
89497
89494
89474
89474
89468
89463
89449
89447
89432
89415
89404
89402
89398
89397
89370
89368
89366
89359
89356
89352
89348
89341
89338
89333
89328
89320
89300
89297
89296
89285
89271
89267
89246
89214
89214
89212
89181
89177
89159
89156
89156
89120
89116
89107
89107
89102
89091
89073
89065
89052
89051
89044
89034
88986
88974
88968
88960
88929
88923
88882
88866
88859
88841
88822
88811
88810
88810
88803
88799
88778
88778
88773
88747
88747
88729
88725
88721
88717
88689
88686
88664
88659
88655
88634
88632
88626
88598
88592
88586
88581
88576
88574
88558
88551
88547
88546
88542
88539
88525
88525
88513
88508
88459
88439
88438
88420
88399
88398
88396
88395
88391
88387
88386
88385
88340
88333
88315
88300
88298
88286
88285
88270
88240
88233
88228
88223
88182
88180
88168
88160
88154
88153
88133
88099
88097
88090
88089
88086
88076
88071
88070
88056
88043
88039
88029
87995
87994
87993
87949
87927
87908
87885
87881
87877
87875
87852
87839
87838
87834
87829
87826
87822
87822
87821
87819
87813
87777
87765
87761
87751
87744
87737
87727
87693
87683
87683
87661
87647
87645
87638
87637
87635
87629
87625
87619
87610
87608
87585
87562
87551
87532
87532
87509
87507
87499
87491
87484
87472
87470
87464
87435
87416
87394
87386
87386
87386
87385
87377
87364
87354
87307
87302
87299
87297
87296
87266
87260
87257
87254
87242
87230
87211
87208
87201
87199
87188
87183
87158
87149
87139
87133
87125
87111
87109
87104
87095
87092
87087
87085
87076
87050
87031
87030
86982
86979
86977
86964
86959
86958
86952
86928
86909
86906
86884
86874
86866
86862
86860
86850
86842
86819
86810
86799
86787
86780
86775
86773
86766
86757
86751
86738
86738
86732
86724
86697
86690
86689
86686
86673
86668
86659
86629
86620
86616
86608
86598
86596
86580
86562
86561
86545
86542
86542
86530
86513
86472
86471
86470
86444
86431
86419
86386
86382
86378
86375
86370
86368
86364
86351
86343
86336
86332
86304
86301
86296
86268
86261
86243
86243
86241
86224
86220
86219
86209
86203
86202
86195
86166
86144
86143
86140
86134
86119
86099
86088
86078
86074
86067
86040
86030
86028
86021
86017
86014
86012
86004
85997
85995
85936
85935
85933
85921
85919
85908
85902
85884
85873
85869
85867
85855
85851
85847
85843
85826
85825
85789
85771
85748
85738
85710
85700
85700
85685
85678
85675
85659
85657
85655
85652
85651
85650
85641
85640
85629
85601
85590
85573
85562
85561
85557
85553
85549
85549
85527
85526
85494
85492
85489
85489
85471
85463
85443
85441
85438
85429
85424
85422
85411
85403
85400
85382
85376
85359
85347
85347
85345
85343
85329
85301
85293
85280
85280
85273
85261
85250
85249
85236
85229
85222
85212
85193
85191
85183
85175
85151
85134
85133
85112
85108
85102
85084
85065
85064
85062
85060
85052
85049
85037
85035
85022
85014
85012
85002
84990
84983
84956
84949
84924
84917
84915
84913
84906
84901
84891
84877
84872
84867
84849
84773
84771
84763
84745
84744
84739
84719
84715
84715
84685
84658
84657
84648
84643
84638
84637
84629
84608
84590
84586
84585
84585
84583
84583
84582
84578
84558
84541
84522
84522
84516
84505
84501
84500
84495
84482
84463
84458
84452
84438
84414
84409
84399
84377
84331
84329
84327
84316
84293
84288
84282
84252
84247
84246
84240
84239
84237
84228
84221
84219
84216
84206
84190
84190
84186
84170
84170
84164
84160
84153
84144
84141
84132
84130
84114
84114
84110
84104
84086
84077
84069
84058
84045
84045
84035
84027
84019
84016
84013
84012
84009
84001
83995
83978
83946
83940
83931
83908
83887
83872
83860
83858
83852
83845
83822
83801
83796
83773
83756
83750
83743
83739
83738
83737
83720
83717
83714
83713
83713
83707
83704
83683
83675
83673
83656
83650
83642
83638
83634
83627
83614
83578
83569
83568
83562
83555
83539
83535
83524
83487
83474
83474
83458
83456
83454
83435
83422
83407
83390
83376
83362
83348
83341
83313
83313
83284
83278
83268
83260
83255
83251
83248
83235
83235
83223
83206
83184
83177
83175
83171
83171
83165
83165
83154
83151
83140
83137
83119
83118
83115
83114
83091
83085
83075
83069
83052
83043
83040
83038
83037
83023
83019
82987
82981
82980
82978
82955
82933
82910
82906
82901
82896
82889
82886
82883
82868
82868
82865
82838
82836
82828
82806
82798
82787
82784
82766
82759
82742
82729
82705
82698
82679
82671
82642
82637
82637
82602
82601
82601
82596
82590
82587
82580
82575
82520
82516
82516
82511
82497
82493
82484
82477
82473
82447
82440
82438
82427
82416
82400
82395
82393
82383
82366
82364
82328
82322
82308
82278
82270
82267
82238
82225
82194
82191
82166
82158
82158
82155
82154
82154
82152
82151
82144
82143
82118
82113
82110
82100
82099
82092
82075
82061
82058
82058
82051
82047
82031
82027
82008
81996
81988
81974
81955
81945
81936
81932
81919
81913
81907
81895
81891
81870
81870
81850
81832
81831
81827
81816
81815
81814
81788
81779
81775
81770
81749
81749
81721
81713
81665
81649
81642
81642
81628
81619
81617
81590
81583
81575
81575
81570
81562
81552
81551
81551
81538
81533
81517
81516
81503
81496
81451
81436
81422
81415
81415
81407
81402
81394
81385
81352
81339
81337
81312
81287
81286
81282
81280
81266
81228
81213
81184
81175
81167
81160
81154
81138
81133
81130
81123
81115
81099
81097
81088
81080
81074
81051
81038
81033
81020
81020
81015
81010
80997
80994
80989
80984
80975
80974
80959
80953
80948
80941
80938
80931
80929
80918
80909
80901
80896
80870
80862
80853
80848
80838
80812
80806
80796
80788
80787
80786
80786
80772
80759
80759
80747
80745
80730
80727
80726
80710
80689
80686
80654
80653
80649
80639
80615
80601
80600
80594
80590
80580
80578
80568
80564
80559
80555
80552
80536
80524
80506
80476
80467
80450
80415
80383
80383
80372
80363
80358
80343
80335
80331
80329
80324
80324
80315
80303
80293
80291
80288
80268
80261
80238
80228
80207
80205
80199
80189
80149
80140
80132
80104
80096
80076
80074
80040
80037
80007
80007
79987
79980
79962
79951
79922
79902
79900
79877
79867
79867
79859
79859
79857
79857
79857
79854
79841
79839
79826
79820
79792
79770
79762
79755
79753
79750
79747
79741
79719
79704
79680
79679
79673
79659
79658
79649
79649
79643
79634
79626
79611
79601
79598
79587
79586
79584
79583
79567
79564
79551
79550
79530
79519
79512
79508
79504
79500
79494
79474
79466
79463
79458
79453
79442
79440
79440
79429
79421
79418
79417
79411
79403
79395
79367
79349
79341
79297
79297
79296
79276
79269
79236
79234
79233
79202
79196
79187
79177
79170
79167
79164
79158
79157
79157
79146
79146
79122
79115
79098
79096
79069
79062
79024
78991
78991
78987
78984
78975
78969
78964
78941
78935
78910
78906
78906
78900
78897
78894
78880
78877
78876
78872
78866
78861
78860
78851
78793
78792
78790
78769
78766
78762
78743
78737
78726
78723
78719
78681
78679
78668
78659
78643
78620
78615
78607
78592
78592
78561
78549
78546
78542
78535
78500
78498
78477
78472
78470
78467
78449
78433
78432
78414
78411
78410
78383
78378
78376
78362
78343
78338
78316
78308
78304
78298
78294
78287
78263
78252
78240
78239
78239
78221
78213
78186
78183
78177
78175
78170
78154
78139
78137
78125
78100
78097
78090
78083
78080
78054
78037
78030
78023
78021
78001
78000
77985
77966
77966
77966
77954
77951
77936
77931
77929
77927
77908
77907
77902
77899
77898
77866
77864
77858
77846
77840
77839
77835
77831
77816
77806
77784
77773
77768
77748
77742
77733
77730
77723
77719
77707
77701
77700
77685
77681
77671
77648
77628
77614
77584
77577
77577
77571
77553
77543
77518
77503
77496
77496
77490
77468
77464
77463
77459
77450
77449
77361
77360
77343
77341
77331
77325
77321
77278
77278
77276
77275
77261
77259
77258
77250
77234
77214
77208
77192
77188
77187
77170
77143
77126
77123
77109
77095
77055
77025
77013
77013
77013
77011
77007
77000
76999
76990
76984
76968
76968
76961
76959
76950
76949
76947
76929
76915
76904
76900
76900
76891
76870
76861
76852
76819
76811
76804
76802
76795
76793
76786
76769
76725
76715
76705
76665
76655
76650
76645
76635
76619
76616
76612
76608
76586
76580
76576
76555
76555
76553
76547
76534
76524
76513
76502
76501
76500
76493
76490
76481
76453
76453
76443
76441
76409
76403
76398
76388
76370
76370
76368
76358
76358
76356
76354
76316
76311
76243
76229
76206
76193
76185
76184
76179
76178
76167
76164
76159
76158
76135
76122
76119
76112
76104
76087
76085
76083
76082
76053
76046
76019
76009
76003
75964
75964
75931
75923
75921
75917
75901
75892
75879
75875
75875
75850
75844
75801
75795
75785
75780
75769
75741
75740
75685
75666
75661
75654
75631
75631
75617
75614
75611
75609
75594
75591
75578
75578
75568
75546
75542
75523
75515
75504
75499
75482
75480
75468
75458
75444
75436
75425
75417
75399
75392
75380
75367
75350
75350
75347
75341
75332
75328
75324
75320
75312
75303
75292
75287
75286
75284
75282
75276
75272
75267
75262
75260
75255
75252
75249
75249
75244
75225
75209
75208
75201
75193
75192
75163
75158
75141
75139
75124
75118
75105
75087
75076
75075
75069
75063
75045
75042
75036
75036
75022
75011
74989
74989
74966
74966
74928
74903
74900
74889
74867
74864
74863
74859
74859
74826
74823
74819
74810
74806
74799
74780
74777
74764
74740
74738
74718
74712
74711
74703
74700
74698
74680
74672
74653
74615
74615
74605
74591
74585
74579
74578
74574
74571
74553
74534
74513
74503
74500
74498
74494
74491
74489
74473
74452
74446
74429
74419
74395
74358
74356
74354
74337
74326
74325
74325
74303
74299
74294
74284
74284
74278
74265
74255
74228
74227
74184
74183
74158
74154
74145
74142
74136
74123
74120
74119
74115
74113
74091
74090
74087
74076
74071
74070
74065
74053
74035
74028
74027
74027
74020
74008
73998
73967
73951
73939
73931
73928
73925
73923
73874
73870
73866
73851
73850
73838
73827
73816
73815
73802
73781
73758
73749
73743
73724
73686
73654
73649
73642
73620
73618
73598
73557
73548
73534
73505
73495
73486
73483
73480
73478
73449
73449
73448
73447
73442
73429
73422
73416
73401
73394
73383
73379
73374
73371
73363
73353
73352
73319
73247
73240
73224
73217
73195
73191
73161
73157
73156
73142
73142
73134
73134
73127
73119
73104
73087
73078
73077
73069
73067
73066
73054
73047
73034
73014
73009
72998
72984
72971
72966
72933
72927
72925
72920
72908
72905
72887
72885
72881
72880
72878
72864
72863
72855
72825
72810
72806
72801
72798
72794
72784
72778
72777
72758
72745
72745
72744
72743
72730
72724
72724
72703
72701
72690
72687
72682
72680
72673
72665
72665
72651
72646
72646
72638
72626
72607
72601
72593
72579
72565
72557
72555
72533
72510
72506
72505
72464
72461
72457
72451
72448
72418
72400
72400
72397
72395
72385
72368
72353
72350
72347
72335
72321
72309
72307
72290
72262
72258
72258
72257
72254
72248
72244
72234
72232
72232
72222
72208
72197
72194
72184
72184
72179
72172
72159
72155
72130
72117
72116
72107
72101
72068
72066
72060
72048
72048
72004
71992
71990
71976
71965
71945
71942
71941
71937
71920
71919
71918
71902
71900
71891
71888
71874
71868
71862
71849
71816
71798
71795
71792
71792
71790
71765
71764
71743
71741
71717
71710
71704
71680
71674
71644
71626
71626
71621
71617
71602
71593
71592
71586
71518
71518
71513
71504
71454
71454
71444
71438
71428
71404
71404
71401
71401
71399
71391
71384
71379
71366
71361
71359
71329
71294
71263
71209
71203
71195
71190
71189
71183
71140
71132
71131
71130
71124
71117
71114
71093
71092
71088
71059
71040
71031
71024
71016
71014
71011
71004
71004
71000
70970
70949
70912
70893
70889
70881
70880
70869
70859
70858
70848
70844
70790
70778
70777
70777
70770
70729
70707
70703
70697
70687
70671
70666
70652
70645
70613
70603
70595
70591
70566
70565
70557
70541
70522
70515
70513
70506
70500
70498
70495
70492
70489
70474
70471
70467
70462
70454
70453
70448
70447
70447
70426
70406
70396
70393
70381
70379
70362
70320
70307
70296
70285
70262
70256
70252
70251
70247
70240
70236
70232
70228
70217
70215
70206
70203
70202
70200
70198
70194
70191
70169
70165
70164
70141
70126
70125
70122
70119
70083
70075
70074
70074
70065
70046
70045
70033
70023
70019
70018
70015
70009
70006
69990
69989
69969
69939
69929
69923
69906
69897
69895
69875
69864
69858
69856
69851
69843
69823
69809
69803
69771
69766
69754
69728
69708
69698
69681
69666
69665
69659
69655
69638
69616
69601
69590
69583
69577
69559
69555
69506
69492
69488
69485
69482
69439
69436
69423
69412
69411
69407
69407
69390
69381
69370
69363
69346
69345
69344
69341
69329
69323
69309
69254
69249
69215
69204
69204
69196
69180
69176
69152
69144
69141
69139
69135
69133
69127
69124
69112
69096
69094
69089
69054
69050
69004
69003
68998
68990
68985
68978
68949
68949
68947
68946
68928
68899
68891
68887
68883
68872
68864
68863
68850
68844
68842
68836
68827
68823
68758
68721
68717
68711
68698
68696
68687
68686
68665
68662
68655
68652
68604
68598
68582
68581
68576
68575
68573
68572
68560
68551
68547
68540
68519
68507
68500
68498
68492
68487
68477
68450
68449
68409
68408
68408
68408
68403
68400
68364
68359
68357
68352
68351
68340
68333
68318
68305
68284
68283
68281
68276
68253
68237
68232
68231
68219
68218
68207
68198
68188
68184
68175
68175
68158
68156
68152
68141
68138
68122
68112
68112
68106
68096
68051
68038
68025
68013
68012
67995
67983
67969
67967
67939
67934
67932
67927
67923
67921
67920
67888
67885
67864
67852
67851
67835
67826
67824
67821
67816
67814
67808
67801
67791
67788
67783
67773
67767
67763
67762
67745
67741
67726
67722
67714
67706
67702
67699
67696
67681
67674
67664
67663
67652
67651
67627
67607
67605
67596
67593
67571
67570
67564
67548
67543
67535
67511
67510
67468
67456
67429
67428
67392
67384
67361
67355
67352
67336
67334
67308
67300
67290
67280
67273
67270
67268
67266
67259
67249
67214
67205
67204
67195
67180
67175
67171
67129
67107
67096
67075
67072
67072
67040
67020
67014
66961
66957
66950
66938
66930
66906
66896
66885
66875
66874
66867
66850
66849
66845
66843
66823
66814
66812
66803
66783
66750
66714
66711
66711
66703
66687
66620
66614
66608
66607
66585
66584
66568
66547
66542
66540
66529
66507
66507
66505
66451
66446
66442
66423
66408
66397
66397
66392
66382
66370
66360
66345
66313
66299
66294
66292
66282
66273
66261
66261
66250
66238
66230
66214
66213
66203
66193
66182
66176
66175
66173
66157
66154
66152
66144
66142
66141
66139
66132
66121
66112
66110
66108
66107
66100
66100
66087
66084
66081
66079
66055
66045
66032
66027
66024
66021
66019
66017
66015
66012
66010
66006
65948
65936
65935
65924
65896
65891
65870
65853
65851
65846
65838
65812
65754
65745
65733
65729
65726
65708
65707
65703
65684
65675
65668
65655
65634
65617
65615
65609
65603
65593
65588
65583
65569
65550
65549
65535
65520
65520
65517
65513
65506
65464
65450
65446
65440
65431
65427
65393
65380
65378
65374
65365
65339
65329
65323
65319
65307
65306
65304
65300
65294
65292
65285
65285
65240
65234
65225
65206
65199
65184
65183
65175
65170
65123
65105
65094
65089
65075
65071
65054
65040
65038
65031
65008
65002
65002
64993
64984
64982
64962
64956
64954
64943
64936
64934
64901
64885
64853
64849
64846
64845
64843
64837
64831
64817
64809
64808
64806
64778
64760
64759
64750
64738
64734
64728
64719
64706
64698
64679
64676
64669
64665
64642
64639
64632
64624
64622
64611
64585
64573
64566
64563
64555
64552
64551
64547
64532
64502
64477
64476
64460
64446
64445
64440
64438
64404
64395
64390
64376
64374
64346
64336
64316
64304
64302
64271
64217
64216
64207
64203
64203
64197
64191
64184
64144
64141
64134
64107
64095
64023
64019
64012
63992
63990
63989
63987
63977
63973
63973
63970
63968
63953
63916
63915
63914
63910
63904
63895
63873
63862
63861
63854
63843
63831
63830
63829
63829
63826
63826
63824
63818
63796
63759
63735
63726
63723
63699
63699
63698
63695
63675
63660
63624
63623
63623
63621
63616
63602
63600
63588
63586
63584
63582
63573
63528
63515
63496
63490
63489
63487
63473
63460
63454
63450
63450
63448
63447
63445
63431
63421
63414
63409
63408
63404
63374
63353
63353
63346
63340
63337
63332
63319
63305
63298
63268
63262
63253
63250
63236
63227
63208
63204
63195
63177
63164
63162
63152
63147
63143
63111
63092
63091
63089
63077
63071
63071
63069
63061
63050
63045
63029
63019
63013
63011
63000
62997
62994
62976
62970
62960
62943
62913
62879
62866
62852
62847
62838
62824
62821
62816
62810
62807
62798
62785
62781
62772
62768
62765
62763
62761
62737
62721
62700
62696
62691
62688
62674
62650
62648
62615
62562
62559
62546
62530
62529
62526
62523
62505
62475
62474
62439
62435
62425
62411
62404
62401
62383
62380
62376
62371
62318
62311
62311
62304
62293
62292
62288
62287
62273
62240
62237
62222
62216
62212
62174
62143
62142
62133
62103
62073
62064
62059
62054
62049
62049
62040
62038
62036
62027
62010
62000
61991
61986
61966
61965
61912
61888
61883
61879
61872
61871
61865
61861
61861
61818
61816
61790
61774
61751
61745
61744
61735
61722
61700
61696
61653
61634
61629
61625
61621
61608
61602
61584
61549
61548
61546
61543
61533
61521
61514
61512
61511
61507
61499
61485
61478
61459
61455
61441
61422
61416
61416
61379
61365
61360
61360
61341
61334
61331
61325
61318
61251
61242
61235
61134
61134
61125
61118
61114
61111
61094
61094
61081
61067
61053
61037
61036
61036
61030
61028
61013
61012
61008
60986
60942
60934
60927
60920
60892
60870
60865
60854
60847
60845
60845
60843
60833
60830
60828
60822
60797
60792
60790
60786
60784
60780
60778
60769
60763
60756
60751
60750
60746
60746
60742
60719
60718
60695
60687
60676
60670
60666
60663
60650
60647
60646
60636
60633
60632
60617
60615
60610
60605
60578
60574
60573
60551
60522
60509
60503
60501
60491
60435
60421
60421
60410
60409
60407
60406
60405
60397
60387
60382
60370
60364
60354
60347
60337
60328
60327
60321
60320
60315
60314
60295
60293
60286
60265
60247
60244
60243
60230
60227
60220
60219
60210
60207
60203
60185
60164
60155
60153
60147
60144
60128
60121
60113
60085
60085
60077
60068
60055
60054
60049
60046
60041
60028
60018
59996
59976
59972
59901
59898
59891
59876
59866
59859
59848
59841
59831
59818
59763
59750
59744
59739
59731
59726
59694
59693
59676
59673
59640
59625
59615
59604
59602
59602
59581
59580
59579
59566
59553
59545
59540
59526
59503
59487
59485
59475
59473
59463
59452
59448
59443
59429
59400
59396
59393
59384
59381
59377
59360
59358
59357
59352
59336
59325
59305
59274
59259
59257
59247
59238
59229
59223
59191
59182
59172
59154
59148
59141
59141
59133
59128
59122
59106
59102
59091
59086
59082
59068
59065
59052
59034
59034
59033
59012
59012
59011
59004
58997
58994
58986
58986
58979
58973
58957
58956
58953
58952
58939
58938
58921
58916
58911
58903
58888
58887
58867
58866
58862
58854
58830
58824
58805
58803
58802
58801
58773
58744
58738
58735
58729
58720
58704
58699
58690
58671
58661
58650
58605
58596
58585
58562
58548
58547
58541
58535
58509
58500
58498
58493
58479
58476
58474
58474
58448
58445
58444
58443
58436
58430
58426
58411
58403
58380
58376
58352
58344
58344
58340
58331
58280
58264
58255
58247
58223
58215
58205
58196
58159
58151
58129
58113
58113
58097
58084
58078
58050
58038
58029
58017
58003
57994
57993
57990
57954
57950
57948
57948
57930
57908
57895
57886
57884
57873
57865
57858
57830
57813
57809
57808
57738
57725
57720
57712
57690
57683
57666
57649
57647
57636
57633
57597
57593
57589
57581
57550
57514
57504
57499
57491
57484
57483
57480
57476
57473
57467
57461
57451
57421
57416
57415
57408
57402
57395
57377
57370
57365
57363
57351
57328
57325
57320
57308
57305
57273
57261
57260
57258
57239
57232
57231
57220
57214
57212
57211
57208
57205
57198
57197
57195
57193
57185
57180
57178
57143
57119
57113
57089
57070
57057
57051
57049
57043
57037
57025
57016
57011
57010
56995
56995
56987
56980
56975
56974
56932
56926
56924
56904
56895
56884
56883
56880
56876
56871
56861
56850
56846
56846
56843
56843
56829
56827
56818
56801
56777
56776
56761
56717
56677
56669
56664
56663
56655
56652
56643
56623
56617
56616
56603
56601
56600
56599
56579
56579
56578
56574
56573
56561
56551
56550
56547
56544
56528
56526
56507
56491
56485
56457
56448
56446
56439
56438
56425
56425
56423
56417
56391
56375
56375
56370
56355
56351
56349
56349
56344
56322
56315
56297
56294
56289
56271
56270
56266
56263
56251
56232
56210
56202
56200
56194
56185
56178
56161
56150
56137
56101
56100
56097
56085
56078
56064
56046
56036
56035
56010
56003
56002
55999
55993
55993
55988
55980
55977
55974
55964
55953
55944
55941
55935
55930
55919
55916
55909
55900
55885
55882
55860
55859
55858
55858
55837
55834
55831
55815
55813
55811
55800
55784
55770
55763
55756
55753
55724
55708
55687
55674
55614
55613
55613
55609
55608
55601
55600
55581
55560
55546
55544
55520
55519
55517
55510
55508
55506
55502
55491
55484
55481
55469
55463
55454
55450
55444
55424
55417
55411
55393
55381
55372
55359
55357
55354
55350
55340
55338
55331
55328
55316
55311
55300
55282
55276
55269
55268
55260
55260
55256
55254
55240
55238
55224
55223
55214
55213
55198
55189
55179
55160
55159
55145
55144
55142
55141
55134
55119
55089
55089
55083
55073
55046
55036
55036
55035
55024
55023
54997
54993
54992
54983
54971
54965
54963
54943
54935
54930
54887
54877
54869
54866
54863
54862
54859
54858
54855
54845
54839
54808
54802
54784
54781
54781
54771
54762
54752
54742
54723
54692
54689
54686
54620
54615
54584
54584
54563
54559
54558
54526
54520
54511
54479
54478
54476
54474
54444
54438
54421
54420
54413
54400
54396
54386
54380
54372
54364
54362
54361
54354
54350
54333
54331
54321
54302
54292
54291
54281
54270
54257
54256
54234
54218
54216
54215
54197
54190
54189
54182
54176
54156
54152
54147
54146
54130
54125
54120
54119
54117
54111
54054
54043
54032
54029
54023
54021
54021
54014
53995
53993
53987
53975
53942
53915
53913
53910
53893
53872
53868
53827
53817
53788
53784
53784
53757
53756
53721
53721
53713
53662
53654
53626
53625
53618
53609
53584
53574
53573
53570
53568
53559
53548
53546
53544
53541
53536
53518
53515
53514
53508
53504
53495
53480
53474
53473
53473
53468
53467
53466
53414
53414
53371
53365
53361
53310
53306
53304
53288
53283
53276
53274
53268
53253
53245
53236
53231
53221
53212
53206
53200
53192
53168
53147
53121
53103
53100
53098
53091
53089
53086
53042
53041
53040
53040
53029
53022
53020
53003
52992
52976
52975
52960
52960
52949
52900
52879
52863
52861
52845
52841
52817
52816
52815
52798
52780
52777
52751
52724
52712
52685
52673
52669
52637
52628
52622
52612
52607
52607
52587
52576
52573
52571
52570
52549
52529
52529
52526
52526
52520
52514
52506
52503
52498
52496
52475
52472
52458
52434
52427
52398
52394
52380
52369
52360
52357
52310
52305
52303
52299
52295
52286
52281
52267
52261
52256
52255
52214
52210
52202
52195
52194
52190
52188
52178
52172
52168
52167
52162
52156
52143
52133
52127
52127
52118
52114
52106
52100
52091
52087
52073
52067
52040
52034
52032
52025
52007
52007
52004
52000
51999
51995
51979
51961
51960
51949
51934
51890
51885
51879
51874
51871
51831
51796
51793
51785
51783
51781
51778
51773
51748
51739
51731
51705
51669
51655
51645
51644
51638
51636
51619
51607
51599
51592
51558
51543
51534
51504
51501
51492
51490
51489
51475
51471
51458
51442
51427
51410
51408
51399
51398
51381
51352
51346
51344
51318
51303
51298
51297
51283
51283
51252
51233
51184
51173
51158
51143
51134
51131
51124
51111
51101
51087
51077
51071
51058
51043
51029
51011
50982
50972
50967
50949
50942
50941
50940
50939
50938
50929
50892
50888
50853
50832
50830
50813
50802
50778
50773
50761
50747
50743
50740
50730
50698
50679
50667
50657
50644
50639
50622
50612
50599
50589
50581
50565
50563
50554
50534
50527
50514
50512
50505
50501
50498
50498
50494
50483
50463
50446
50424
50407
50400
50399
50395
50392
50383
50373
50368
50355
50352
50349
50324
50316
50310
50307
50306
50299
50297
50280
50263
50259
50258
50243
50240
50231
50197
50186
50177
50166
50123
50120
50118
50107
50103
50066
50042
50042
50031
50020
50012
50007
50007
49993
49990
49985
49968
49948
49939
49931
49885
49883
49882
49876
49875
49869
49868
49864
49841
49835
49823
49790
49784
49772
49771
49769
49768
49752
49742
49728
49684
49680
49662
49633
49629
49622
49618
49593
49592
49583
49583
49581
49568
49567
49560
49558
49555
49555
49546
49533
49524
49517
49499
49479
49477
49472
49461
49458
49442
49437
49432
49429
49416
49408
49401
49397
49378
49361
49339
49337
49332
49331
49328
49317
49260
49247
49242
49224
49221
49211
49175
49138
49137
49134
49125
49124
49114
49110
49101
49100
49093
49085
49066
49060
49055
49052
49048
49035
49033
49032
49014
49011
49001
48997
48985
48969
48960
48941
48939
48933
48910
48900
48896
48896
48887
48874
48856
48855
48847
48840
48827
48822
48810
48786
48755
48753
48743
48735
48734
48727
48720
48698
48689
48683
48676
48659
48657
48640
48628
48601
48569
48568
48557
48543
48516
48516
48515
48512
48491
48487
48485
48483
48478
48465
48465
48455
48451
48450
48435
48428
48425
48419
48409
48409
48396
48377
48372
48364
48357
48348
48341
48336
48333
48327
48315
48315
48315
48310
48294
48293
48292
48290
48264
48262
48262
48254
48252
48251
48249
48247
48240
48220
48205
48201
48196
48187
48186
48179
48179
48165
48164
48154
48153
48086
48081
48075
48060
48055
48052
48050
48049
48026
48022
48016
48007
48004
48000
47998
47992
47985
47984
47976
47975
47965
47959
47946
47942
47941
47913
47912
47901
47876
47870
47828
47825
47824
47816
47809
47799
47775
47769
47765
47752
47752
47750
47748
47746
47720
47704
47702
47694
47693
47688
47686
47683
47675
47659
47627
47616
47612
47609
47575
47572
47558
47558
47551
47542
47530
47518
47500
47489
47482
47478
47470
47467
47466
47440
47435
47429
47426
47388
47385
47382
47381
47377
47374
47371
47370
47357
47352
47345
47334
47327
47323
47320
47298
47295
47295
47288
47285
47260
47245
47243
47235
47227
47216
47215
47203
47198
47186
47171
47131
47127
47124
47121
47112
47099
47098
47096
47083
47075
47063
47057
47051
47050
47038
47038
47031
47025
47018
47006
47002
46998
46992
46991
46988
46970
46959
46955
46952
46951
46914
46899
46896
46874
46865
46863
46835
46826
46826
46820
46814
46813
46798
46795
46784
46780
46757
46755
46753
46736
46707
46703
46692
46670
46665
46661
46657
46652
46630
46608
46597
46595
46594
46594
46590
46580
46575
46570
46562
46554
46533
46528
46523
46515
46505
46499
46494
46494
46490
46478
46475
46471
46468
46467
46463
46411
46396
46386
46385
46385
46382
46380
46354
46353
46318
46308
46307
46292
46268
46266
46254
46252
46227
46215
46196
46185
46182
46181
46166
46155
46149
46128
46119
46115
46087
46071
46062
46045
46035
46026
46021
45999
45990
45983
45979
45975
45965
45953
45941
45939
45921
45919
45907
45904
45899
45894
45893
45885
45884
45879
45874
45857
45850
45840
45828
45809
45795
45791
45772
45764
45744
45725
45717
45686
45673
45671
45664
45651
45631
45626
45611
45610
45603
45598
45597
45593
45584
45575
45572
45546
45536
45535
45528
45522
45519
45488
45487
45482
45481
45480
45478
45478
45468
45456
45449
45432
45432
45424
45422
45416
45413
45403
45401
45400
45389
45384
45380
45365
45356
45332
45321
45317
45299
45289
45277
45276
45272
45264
45259
45251
45250
45248
45247
45244
45234
45231
45227
45222
45222
45192
45190
45184
45177
45154
45152
45151
45136
45130
45113
45108
45104
45084
45083
45077
45075
45068
45045
45041
45039
45030
45026
45014
45010
45006
45006
45005
45000
44982
44982
44978
44978
44970
44965
44959
44952
44947
44946
44942
44937
44934
44931
44924
44921
44920
44918
44913
44878
44875
44858
44832
44832
44822
44821
44810
44797
44784
44774
44750
44747
44730
44727
44712
44712
44708
44701
44694
44686
44678
44658
44638
44632
44625
44607
44602
44592
44561
44549
44545
44536
44522
44511
44509
44504
44453
44442
44440
44436
44423
44408
44405
44374
44367
44341
44313
44300
44291
44287
44284
44282
44265
44263
44252
44248
44247
44245
44177
44177
44170
44155
44153
44152
44148
44122
44114
44107
44104
44091
44091
44083
44067
44051
44045
44036
44034
44008
44002
44001
43992
43966
43961
43956
43947
43943
43941
43926
43919
43916
43909
43883
43879
43878
43873
43871
43867
43859
43812
43798
43796
43790
43779
43776
43773
43733
43732
43695
43681
43679
43675
43674
43670
43651
43642
43628
43624
43621
43618
43617
43605
43582
43558
43552
43533
43513
43510
43495
43492
43485
43476
43463
43415
43402
43399
43375
43367
43339
43338
43337
43332
43331
43324
43324
43318
43313
43303
43287
43250
43227
43225
43212
43203
43169
43164
43148
43143
43130
43097
43094
43093
43086
43081
43074
43066
43057
43055
43050
43049
43045
43041
43019
42998
42993
42992
42992
42989
42988
42984
42973
42969
42956
42947
42915
42897
42866
42859
42851
42846
42840
42833
42828
42809
42806
42790
42776
42769
42768
42763
42759
42757
42752
42738
42710
42710
42685
42662
42661
42650
42639
42628
42623
42621
42609
42604
42597
42581
42572
42566
42564
42559
42549
42527
42506
42496
42495
42492
42479
42479
42453
42441
42441
42439
42437
42414
42405
42399
42394
42362
42350
42342
42339
42317
42303
42285
42281
42276
42267
42267
42265
42210
42198
42183
42158
42153
42150
42119
42114
42112
42108
42102
42095
42080
42065
42038
42037
42032
42030
42025
42005
41993
41983
41979
41974
41968
41953
41943
41937
41927
41911
41891
41882
41873
41870
41865
41835
41822
41806
41805
41800
41787
41781
41767
41762
41754
41754
41724
41721
41720
41689
41688
41684
41668
41602
41597
41585
41578
41578
41577
41574
41570
41569
41564
41554
41552
41524
41516
41503
41490
41489
41477
41472
41467
41452
41445
41440
41434
41433
41414
41403
41391
41388
41387
41372
41364
41358
41358
41357
41355
41350
41336
41331
41329
41292
41274
41274
41274
41264
41264
41227
41221
41219
41197
41197
41176
41170
41168
41145
41136
41121
41115
41115
41108
41096
41086
41064
41056
41049
41045
41036
41035
41003
40999
40993
40983
40977
40969
40964
40950
40934
40933
40931
40928
40928
40883
40881
40877
40872
40871
40863
40854
40850
40813
40796
40787
40779
40773
40769
40767
40766
40766
40749
40744
40734
40733
40723
40719
40708
40698
40686
40669
40660
40657
40628
40625
40613
40572
40565
40538
40535
40523
40514
40513
40493
40492
40479
40475
40446
40439
40431
40420
40417
40414
40407
40393
40392
40387
40376
40373
40359
40349
40348
40340
40338
40321
40316
40311
40310
40308
40303
40295
40288
40287
40282
40276
40273
40268
40251
40245
40232
40223
40222
40218
40192
40189
40146
40137
40134
40131
40127
40121
40113
40103
40077
40072
40071
40067
40064
40061
40060
40055
40052
40041
40029
40015
40010
39993
39990
39987
39983
39965
39957
39952
39951
39949
39936
39897
39888
39882
39881
39862
39857
39836
39828
39800
39790
39787
39778
39762
39761
39758
39752
39738
39714
39708
39682
39681
39673
39670
39662
39661
39627
39622
39621
39592
39585
39577
39570
39561
39558
39552
39504
39503
39502
39498
39476
39475
39462
39458
39437
39412
39402
39389
39384
39382
39379
39374
39362
39361
39359
39356
39348
39291
39287
39272
39265
39261
39230
39225
39210
39207
39205
39177
39168
39167
39150
39149
39142
39141
39133
39131
39130
39126
39124
39124
39114
39109
39087
39072
39068
39063
39062
39059
39038
39026
39021
39010
38989
38985
38982
38975
38960
38947
38942
38941
38927
38894
38855
38852
38845
38843
38787
38779
38778
38775
38770
38762
38738
38736
38735
38727
38726
38725
38723
38715
38713
38707
38685
38685
38684
38677
38657
38629
38608
38575
38569
38550
38547
38539
38533
38527
38525
38500
38488
38479
38462
38462
38461
38460
38412
38394
38383
38375
38371
38368
38360
38356
38350
38345
38344
38343
38328
38282
38273
38262
38257
38250
38237
38231
38217
38204
38196
38185
38167
38147
38115
38104
38098
38060
38040
38040
38007
38005
37974
37970
37958
37944
37940
37924
37917
37905
37903
37873
37871
37865
37850
37842
37837
37836
37809
37798
37798
37796
37795
37769
37765
37758
37751
37748
37716
37704
37704
37702
37680
37674
37674
37673
37672
37637
37623
37622
37605
37602
37601
37593
37575
37562
37552
37537
37523
37518
37452
37439
37436
37414
37410
37367
37367
37351
37340
37335
37330
37311
37303
37303
37289
37268
37264
37263
37261
37217
37207
37173
37172
37161
37160
37155
37154
37129
37127
37121
37118
37107
37098
37043
37036
37020
37013
37013
37012
36989
36979
36975
36968
36962
36955
36954
36954
36948
36948
36944
36927
36919
36904
36884
36870
36860
36855
36852
36838
36811
36789
36786
36774
36773
36766
36766
36756
36751
36746
36746
36730
36725
36713
36709
36709
36703
36703
36692
36689
36685
36670
36653
36648
36643
36638
36638
36629
36627
36615
36609
36608
36596
36587
36542
36542
36538
36533
36533
36528
36520
36517
36496
36484
36481
36481
36479
36473
36449
36449
36419
36387
36355
36350
36341
36323
36316
36306
36299
36296
36287
36278
36274
36264
36258
36246
36242
36228
36228
36227
36226
36212
36198
36188
36184
36178
36159
36155
36153
36151
36150
36148
36144
36130
36120
36107
36089
36080
36074
36067
36067
36063
36051
36036
36031
36029
36020
35999
35933
35915
35905
35904
35893
35885
35884
35878
35867
35856
35849
35836
35820
35818
35808
35803
35780
35777
35771
35769
35761
35750
35736
35736
35712
35700
35700
35693
35670
35666
35645
35637
35621
35616
35603
35602
35597
35577
35554
35528
35519
35518
35515
35501
35486
35465
35461
35458
35449
35435
35435
35427
35422
35414
35398
35394
35365
35339
35315
35314
35297
35294
35274
35262
35258
35256
35241
35225
35214
35213
35207
35192
35178
35161
35150
35129
35125
35121
35113
35110
35108
35099
35091
35067
35053
35049
35034
35028
35025
34997
34980
34972
34953
34952
34951
34942
34914
34871
34866
34857
34856
34840
34804
34786
34778
34774
34772
34770
34767
34758
34756
34753
34738
34737
34720
34699
34688
34667
34661
34644
34634
34601
34599
34575
34573
34566
34564
34560
34554
34546
34542
34535
34535
34529
34520
34520
34515
34500
34460
34455
34450
34446
34444
34436
34430
34418
34394
34389
34386
34383
34368
34364
34332
34322
34315
34314
34309
34304
34280
34256
34249
34232
34229
34227
34212
34210
34197
34195
34194
34185
34178
34164
34162
34155
34128
34127
34124
34102
34100
34097
34073
34068
34056
34043
34035
34027
34027
34017
34012
33993
33987
33986
33973
33972
33968
33965
33962
33946
33937
33936
33930
33926
33905
33902
33879
33876
33873
33868
33824
33818
33815
33800
33795
33793
33773
33772
33738
33734
33732
33732
33714
33709
33681
33680
33676
33657
33651
33647
33637
33632
33625
33624
33601
33560
33546
33533
33533
33524
33513
33510
33501
33499
33492
33486
33465
33461
33444
33439
33426
33420
33408
33407
33394
33385
33378
33375
33368
33364
33343
33340
33323
33320
33317
33285
33283
33273
33263
33262
33254
33221
33204
33180
33164
33162
33149
33135
33128
33119
33099
33095
33076
33064
33061
33057
33055
33019
33016
33006
32991
32988
32987
32974
32972
32970
32957
32940
32938
32899
32882
32872
32870
32866
32844
32838
32836
32823
32785
32764
32748
32745
32729
32728
32727
32716
32705
32705
32704
32699
32665
32612
32601
32575
32559
32555
32547
32540
32526
32522
32515
32507
32499
32491
32485
32477
32463
32460
32413
32409
32396
32389
32389
32365
32364
32342
32341
32322
32319
32315
32308
32293
32285
32284
32281
32279
32278
32269
32255
32255
32252
32244
32239
32237
32234
32216
32211
32206
32201
32191
32182
32176
32174
32167
32155
32141
32139
32136
32125
32114
32073
32039
32038
32034
32033
32020
32013
32011
32009
31996
31993
31991
31982
31980
31972
31968
31963
31957
31954
31943
31926
31925
31886
31870
31870
31869
31869
31850
31841
31837
31831
31815
31813
31799
31786
31781
31777
31768
31767
31759
31754
31738
31738
31727
31726
31725
31721
31719
31718
31713
31710
31704
31668
31665
31650
31649
31638
31638
31635
31630
31615
31609
31606
31581
31554
31553
31540
31537
31530
31519
31498
31495
31468
31464
31460
31443
31441
31440
31439
31438
31436
31423
31411
31407
31390
31383
31359
31357
31332
31330
31318
31259
31245
31235
31223
31213
31212
31165
31156
31108
31103
31101
31095
31083
31057
31052
31052
31042
31039
31036
31035
31016
31005
31001
30978
30977
30953
30945
30943
30941
30939
30937
30937
30935
30935
30909
30900
30881
30880
30873
30864
30854
30845
30807
30792
30783
30772
30767
30753
30747
30736
30729
30719
30716
30708
30707
30693
30671
30669
30648
30648
30638
30638
30636
30603
30590
30587
30580
30573
30553
30539
30529
30528
30519
30519
30515
30490
30487
30487
30473
30465
30455
30450
30445
30440
30398
30397
30393
30390
30379
30378
30361
30360
30345
30344
30319
30316
30286
30284
30272
30260
30245
30245
30241
30239
30231
30227
30195
30190
30187
30186
30182
30163
30146
30143
30138
30120
30115
30115
30112
30100
30092
30086
30055
30053
30046
30043
30017
29999
29990
29980
29954
29948
29941
29937
29936
29908
29901
29870
29864
29861
29848
29831
29825
29815
29805
29803
29783
29782
29777
29772
29750
29746
29743
29743
29734
29726
29722
29720
29719
29710
29706
29704
29700
29697
29692
29687
29680
29666
29663
29652
29652
29649
29625
29610
29587
29584
29583
29583
29566
29530
29492
29488
29484
29480
29464
29453
29437
29436
29431
29417
29414
29393
29392
29386
29385
29361
29357
29350
29349
29347
29340
29333
29329
29325
29306
29300
29294
29293
29292
29285
29277
29275
29269
29267
29266
29266
29233
29223
29223
29208
29202
29200
29197
29176
29170
29156
29140
29138
29121
29121
29110
29106
29103
29101
29091
29077
29075
29074
29065
29046
29034
29033
29027
29024
29021
29019
29016
29010
28992
28991
28991
28987
28969
28969
28956
28945
28898
28895
28879
28873
28855
28838
28836
28832
28822
28820
28801
28800
28788
28784
28781
28766
28739
28726
28704
28696
28696
28682
28676
28667
28651
28650
28650
28650
28646
28642
28641
28633
28618
28614
28612
28610
28589
28583
28568
28565
28563
28550
28538
28528
28500
28498
28497
28496
28484
28471
28460
28441
28435
28423
28418
28412
28411
28407
28378
28366
28363
28356
28347
28335
28324
28324
28302
28296
28292
28291
28290
28275
28272
28246
28234
28196
28195
28192
28185
28180
28176
28163
28150
28149
28145
28110
28110
28097
28096
28096
28093
28089
28083
28075
28073
28063
28040
28038
28036
28029
28026
28021
28015
28014
28011
28010
27973
27971
27966
27964
27961
27947
27939
27932
27926
27918
27902
27881
27877
27875
27871
27864
27845
27840
27832
27830
27816
27795
27745
27737
27714
27675
27652
27644
27635
27631
27631
27624
27611
27603
27586
27584
27584
27578
27578
27575
27569
27567
27556
27555
27551
27527
27488
27474
27474
27471
27457
27455
27450
27422
27364
27352
27330
27323
27319
27313
27278
27278
27275
27273
27265
27252
27244
27241
27237
27222
27211
27208
27202
27195
27191
27189
27181
27180
27173
27170
27165
27163
27145
27140
27133
27090
27089
27085
27081
27070
27049
27045
27036
27027
27027
27019
27011
27009
26999
26998
26988
26968
26952
26939
26929
26908
26893
26888
26854
26844
26832
26816
26796
26791
26766
26760
26750
26747
26737
26733
26715
26689
26688
26679
26648
26631
26584
26581
26580
26577
26574
26564
26516
26510
26461
26461
26433
26408
26402
26396
26395
26391
26365
26359
26352
26337
26326
26313
26312
26311
26311
26297
26291
26287
26275
26270
26256
26242
26236
26234
26232
26209
26199
26178
26178
26177
26146
26129
26098
26093
26084
26082
26080
26073
26068
26054
26051
26046
26037
26032
26022
26015
26004
25989
25968
25962
25948
25938
25934
25923
25922
25919
25913
25903
25902
25899
25898
25846
25833
25827
25816
25815
25812
25805
25784
25775
25772
25767
25757
25757
25744
25709
25690
25689
25682
25679
25674
25669
25656
25643
25625
25624
25621
25618
25591
25583
25568
25567
25559
25545
25536
25533
25528
25513
25488
25487
25483
25480
25474
25460
25460
25437
25435
25433
25431
25409
25401
25388
25373
25371
25334
25329
25322
25308
25307
25300
25295
25290
25288
25288
25280
25271
25264
25256
25246
25245
25236
25209
25205
25201
25197
25188
25187
25184
25162
25157
25155
25151
25121
25110
25104
25087
25077
25076
25062
25051
25050
25038
25036
25034
25023
25003
24982
24979
24965
24956
24936
24915
24903
24897
24876
24873
24856
24855
24847
24824
24801
24797
24790
24782
24770
24753
24750
24745
24731
24726
24722
24717
24713
24706
24673
24656
24629
24609
24603
24603
24578
24576
24575
24571
24528
24521
24518
24512
24488
24479
24479
24464
24449
24444
24437
24422
24403
24395
24394
24390
24387
24387
24383
24383
24382
24380
24358
24335
24334
24325
24315
24313
24301
24298
24293
24293
24279
24277
24247
24239
24237
24234
24234
24216
24209
24204
24187
24172
24171
24170
24148
24145
24122
24120
24114
24099
24096
24096
24090
24064
24063
24062
24052
24050
24032
24027
23965
23957
23954
23945
23938
23936
23930
23930
23917
23914
23906
23881
23876
23848
23838
23799
23796
23778
23766
23756
23754
23753
23729
23722
23687
23683
23657
23653
23649
23579
23566
23510
23505
23494
23493
23492
23482
23477
23477
23468
23457
23450
23449
23446
23441
23436
23421
23409
23406
23405
23400
23387
23342
23339
23337
23320
23314
23313
23305
23298
23297
23288
23244
23244
23234
23220
23209
23208
23199
23189
23133
23132
23120
23119
23112
23101
23099
23073
23072
23059
23051
23040
23038
23036
23035
23031
23024
23009
23004
22973
22971
22971
22961
22946
22943
22943
22935
22929
22927
22919
22916
22903
22892
22891
22880
22880
22840
22816
22812
22811
22801
22789
22789
22779
22767
22754
22740
22733
22712
22710
22708
22620
22609
22605
22598
22589
22588
22582
22574
22562
22540
22538
22525
22513
22491
22473
22458
22447
22439
22430
22428
22428
22428
22427
22413
22411
22393
22371
22368
22366
22358
22328
22308
22296
22287
22268
22263
22257
22217
22207
22203
22188
22180
22171
22159
22156
22155
22147
22146
22133
22117
22098
22084
22079
22079
22075
22071
22066
22044
22041
22035
22032
22023
22014
21994
21992
21991
21964
21958
21955
21951
21945
21940
21913
21880
21880
21865
21838
21819
21814
21801
21782
21770
21768
21766
21760
21747
21739
21707
21704
21697
21696
21690
21663
21648
21645
21642
21641
21638
21619
21611
21607
21596
21586
21579
21574
21550
21548
21539
21537
21516
21513
21511
21503
21494
21479
21473
21467
21460
21448
21421
21416
21416
21399
21382
21367
21366
21346
21344
21327
21322
21310
21306
21299
21289
21287
21278
21277
21268
21254
21239
21222
21212
21175
21175
21170
21170
21165
21153
21152
21130
21122
21121
21107
21103
21097
21097
21077
21073
21071
21042
21029
21027
21023
21021
21015
21012
21000
20981
20979
20964
20962
20961
20959
20949
20933
20919
20892
20878
20877
20875
20871
20851
20848
20842
20840
20840
20828
20807
20757
20751
20746
20745
20745
20742
20741
20735
20734
20721
20715
20684
20673
20670
20657
20644
20644
20635
20607
20600
20597
20580
20567
20554
20548
20513
20498
20492
20489
20474
20473
20463
20461
20458
20452
20450
20450
20441
20440
20438
20434
20428
20424
20389
20362
20362
20351
20344
20343
20322
20304
20281
20278
20277
20258
20256
20246
20239
20217
20212
20199
20174
20164
20158
20144
20111
20106
20096
20090
20090
20087
20085
20081
20077
20060
20053
20037
20022
20016
19996
19984
19972
19933
19922
19922
19915
19894
19890
19888
19886
19878
19823
19817
19816
19795
19787
19777
19746
19733
19722
19720
19716
19705
19700
19677
19666
19657
19645
19629
19617
19611
19611
19588
19586
19585
19583
19582
19569
19562
19558
19529
19512
19505
19476
19442
19429
19422
19416
19415
19395
19346
19333
19320
19316
19313
19285
19285
19264
19257
19246
19241
19222
19202
19169
19155
19134
19128
19127
19125
19115
19106
19101
19090
19084
19067
19065
19053
19039
19025
19022
19009
18987
18978
18975
18950
18941
18936
18926
18918
18918
18916
18905
18901
18892
18886
18881
18850
18844
18836
18834
18832
18801
18785
18768
18767
18756
18754
18749
18747
18745
18742
18733
18715
18710
18687
18683
18677
18661
18654
18640
18637
18634
18610
18604
18592
18583
18555
18548
18545
18538
18537
18537
18492
18457
18429
18424
18422
18408
18394
18387
18380
18375
18369
18365
18357
18349
18341
18330
18321
18299
18295
18289
18275
18273
18270
18255
18240
18238
18233
18216
18207
18197
18196
18184
18151
18149
18127
18096
18086
18069
18062
18060
18051
18030
18010
18010
17995
17989
17982
17970
17951
17951
17942
17936
17924
17914
17883
17873
17870
17845
17841
17824
17823
17815
17808
17803
17797
17784
17783
17769
17769
17747
17728
17711
17701
17700
17692
17684
17670
17670
17652
17649
17633
17624
17595
17586
17584
17576
17570
17558
17555
17549
17542
17528
17525
17513
17494
17488
17479
17471
17462
17447
17429
17417
17370
17352
17342
17333
17321
17319
17316
17313
17312
17309
17299
17291
17275
17271
17267
17255
17242
17239
17227
17205
17197
17180
17170
17165
17161
17152
17146
17137
17133
17112
17108
17097
17096
17093
17090
17084
17083
17078
17063
17060
17056
17051
17042
17042
17029
17017
17013
17008
17005
17000
16995
16974
16968
16962
16940
16938
16934
16933
16926
16915
16913
16909
16887
16856
16848
16823
16809
16808
16794
16793
16793
16780
16780
16769
16761
16757
16755
16750
16748
16747
16745
16714
16714
16699
16695
16671
16662
16655
16649
16648
16622
16607
16606
16603
16603
16586
16586
16585
16580
16562
16559
16557
16553
16552
16549
16547
16531
16510
16504
16482
16476
16475
16471
16458
16436
16432
16430
16422
16391
16386
16385
16382
16376
16371
16368
16359
16355
16340
16332
16305
16305
16300
16294
16282
16278
16276
16264
16262
16242
16233
16226
16221
16219
16212
16199
16196
16193
16177
16150
16142
16136
16123
16117
16103
16094
16076
16065
16058
16051
16028
16025
16000
15997
15996
15991
15989
15983
15980
15975
15969
15963
15947
15943
15942
15939
15933
15923
15920
15912
15911
15907
15904
15898
15889
15882
15876
15866
15864
15855
15844
15841
15815
15811
15805
15805
15802
15798
15797
15777
15773
15767
15761
15746
15744
15735
15731
15727
15721
15707
15695
15692
15682
15669
15665
15663
15653
15647
15647
15629
15628
15616
15603
15599
15595
15594
15568
15552
15540
15538
15534
15528
15526
15525
15524
15515
15510
15508
15506
15500
15496
15491
15484
15476
15455
15439
15417
15416
15404
15400
15392
15386
15352
15349
15347
15344
15337
15329
15318
15316
15310
15309
15307
15303
15295
15268
15266
15233
15229
15222
15207
15192
15191
15154
15117
15081
15068
15031
15020
15017
14987
14958
14925
14917
14899
14875
14843
14819
14818
14810
14809
14803
14802
14799
14796
14794
14789
14780
14779
14778
14762
14760
14759
14748
14740
14739
14738
14737
14731
14718
14716
14708
14703
14695
14691
14680
14670
14668
14663
14645
14626
14624
14621
14619
14612
14606
14604
14600
14593
14591
14584
14576
14570
14561
14560
14560
14554
14532
14526
14522
14508
14505
14501
14497
14486
14475
14472
14467
14463
14461
14461
14444
14436
14426
14418
14417
14406
14395
14393
14384
14375
14371
14360
14348
14332
14316
14313
14289
14287
14281
14272
14268
14251
14251
14244
14243
14242
14238
14217
14206
14199
14197
14185
14176
14173
14172
14169
14150
14147
14094
14090
14090
14079
14076
14069
14068
14049
14043
14040
14027
14027
14025
14016
14013
14003
13990
13980
13975
13972
13955
13931
13910
13889
13887
13878
13874
13865
13856
13855
13842
13832
13831
13826
13788
13764
13724
13719
13713
13685
13679
13672
13665
13665
13654
13653
13633
13633
13633
13626
13609
13588
13562
13549
13545
13544
13544
13542
13532
13520
13509
13508
13507
13493
13493
13481
13477
13471
13465
13442
13430
13430
13414
13407
13404
13403
13399
13385
13368
13339
13336
13334
13321
13316
13293
13288
13275
13272
13268
13263
13261
13254
13243
13241
13226
13221
13197
13196
13191
13189
13186
13176
13160
13146
13128
13118
13118
13117
13111
13107
13107
13096
13091
13086
13086
13060
13055
13041
13027
13009
13007
12993
12993
12984
12981
12962
12947
12942
12901
12891
12883
12867
12862
12820
12815
12813
12808
12801
12797
12789
12787
12787
12778
12771
12767
12741
12735
12711
12709
12685
12683
12678
12674
12667
12663
12655
12645
12643
12640
12639
12634
12577
12566
12566
12555
12548
12532
12516
12515
12475
12471
12465
12464
12459
12440
12433
12429
12427
12414
12407
12387
12386
12384
12382
12380
12373
12370
12346
12344
12334
12328
12328
12316
12300
12290
12279
12279
12278
12260
12258
12247
12246
12241
12239
12238
12233
12231
12227
12225
12221
12214
12211
12198
12168
12158
12142
12136
12134
12124
12113
12101
12090
12036
12034
12033
12032
12030
12008
11996
11986
11984
11970
11967
11964
11947
11945
11933
11932
11929
11917
11882
11878
11877
11868
11864
11861
11845
11845
11842
11839
11838
11834
11832
11824
11809
11805
11782
11781
11769
11753
11744
11742
11729
11725
11718
11699
11674
11668
11663
11660
11650
11645
11630
11622
11613
11588
11562
11560
11529
11499
11489
11475
11471
11447
11437
11431
11392
11379
11375
11353
11348
11338
11335
11322
11307
11304
11303
11298
11293
11289
11283
11268
11261
11244
11236
11233
11225
11217
11210
11166
11160
11146
11135
11091
11090
11088
11083
11069
11042
11011
10979
10972
10968
10965
10936
10931
10913
10882
10878
10877
10848
10829
10829
10825
10805
10804
10797
10782
10780
10763
10753
10747
10744
10721
10712
10700
10690
10684
10671
10663
10660
10653
10647
10644
10643
10640
10618
10615
10580
10579
10547
10520
10519
10503
10491
10489
10486
10474
10464
10457
10437
10437
10429
10420
10415
10399
10395
10379
10377
10374
10335
10328
10327
10305
10304
10304
10280
10277
10259
10255
10253
10250
10231
10230
10227
10223
10221
10202
10200
10197
10190
10186
10184
10174
10172
10172
10169
10165
10165
10157
10150
10149
10137
10134
10133
10123
10114
10078
10064
10039
10025
10020
10019
10016
10010
10006
9994
9955
9952
9951
9931
9923
9919
9918
9886
9866
9861
9860
9859
9852
9840
9838
9801
9793
9784
9765
9749
9745
9740
9736
9731
9720
9716
9712
9693
9674
9648
9608
9607
9602
9587
9586
9586
9571
9567
9556
9540
9531
9518
9478
9470
9458
9443
9374
9361
9360
9356
9352
9334
9327
9322
9310
9309
9301
9270
9269
9255
9251
9244
9239
9234
9225
9214
9211
9197
9160
9141
9141
9105
9101
9099
9088
9082
9080
9053
9021
9010
8987
8986
8984
8975
8971
8963
8952
8947
8941
8926
8919
8885
8885
8879
8876
8859
8853
8851
8832
8823
8816
8811
8808
8807
8790
8784
8774
8774
8773
8772
8764
8751
8750
8727
8710
8669
8662
8661
8654
8649
8626
8623
8620
8616
8613
8602
8595
8588
8546
8538
8538
8536
8485
8474
8474
8460
8458
8433
8410
8407
8380
8369
8364
8352
8332
8329
8325
8316
8309
8302
8278
8262
8257
8256
8245
8234
8220
8216
8211
8193
8186
8186
8159
8157
8153
8136
8136
8095
8095
8087
8074
8069
8064
8054
8047
8023
8018
8016
8014
8010
7997
7965
7964
7962
7959
7955
7948
7944
7939
7933
7927
7904
7877
7865
7862
7855
7837
7835
7831
7817
7815
7806
7800
7796
7785
7780
7763
7754
7726
7708
7701
7701
7688
7665
7661
7655
7644
7628
7616
7614
7604
7603
7593
7563
7556
7548
7537
7534
7522
7519
7512
7511
7506
7505
7493
7486
7472
7471
7466
7444
7443
7436
7427
7417
7412
7397
7389
7386
7384
7382
7370
7369
7365
7364
7362
7349
7348
7344
7325
7317
7316
7286
7269
7240
7236
7228
7226
7207
7203
7198
7193
7187
7179
7172
7167
7164
7161
7142
7138
7133
7131
7130
7126
7119
7119
7118
7115
7111
7097
7068
7018
7016
6994
6990
6981
6976
6965
6964
6963
6958
6944
6943
6936
6936
6935
6927
6896
6890
6889
6877
6848
6839
6806
6800
6795
6792
6792
6786
6782
6769
6749
6710
6707
6703
6694
6685
6666
6650
6635
6603
6586
6575
6570
6566
6563
6547
6547
6540
6528
6528
6527
6515
6511
6495
6476
6468
6424
6415
6392
6387
6379
6348
6342
6331
6330
6322
6270
6268
6260
6249
6212
6209
6207
6198
6177
6156
6148
6130
6119
6107
6102
6099
6077
6043
6041
6040
6038
6037
6036
5981
5976
5975
5971
5969
5965
5940
5926
5926
5916
5906
5893
5874
5872
5866
5862
5857
5856
5855
5853
5851
5851
5841
5828
5817
5815
5803
5800
5799
5798
5798
5794
5793
5789
5768
5755
5752
5752
5743
5739
5737
5732
5725
5710
5688
5687
5676
5675
5665
5665
5664
5655
5647
5643
5632
5630
5597
5589
5572
5556
5549
5548
5544
5543
5515
5509
5502
5500
5497
5464
5450
5436
5435
5421
5410
5366
5352
5323
5315
5315
5311
5308
5293
5280
5270
5264
5256
5245
5243
5240
5227
5222
5202
5195
5157
5129
5122
5103
5102
5098
5093
5075
5061
5055
5053
5046
5008
5000
4992
4978
4964
4960
4940
4927
4925
4923
4892
4889
4880
4871
4858
4843
4841
4832
4822
4817
4793
4791
4782
4777
4772
4771
4769
4760
4757
4754
4744
4713
4711
4710
4709
4707
4702
4701
4689
4689
4681
4679
4678
4673
4666
4665
4658
4651
4648
4626
4612
4605
4596
4586
4576
4557
4553
4549
4542
4541
4538
4523
4523
4500
4485
4465
4453
4448
4438
4433
4424
4419
4416
4412
4399
4380
4365
4358
4338
4288
4262
4248
4248
4231
4208
4202
4198
4184
4178
4178
4166
4152
4150
4137
4137
4136
4127
4126
4109
4101
4078
4072
4067
4064
4055
4053
4050
4050
4043
4041
4021
4021
4011
3995
3985
3980
3976
3970
3964
3937
3905
3897
3896
3882
3864
3842
3818
3797
3790
3769
3765
3763
3758
3734
3717
3700
3685
3659
3658
3656
3654
3649
3632
3620
3614
3596
3594
3580
3574
3570
3559
3559
3559
3558
3557
3544
3541
3532
3525
3516
3512
3507
3495
3488
3467
3461
3460
3456
3455
3453
3451
3450
3424
3400
3392
3387
3386
3372
3369
3351
3345
3341
3339
3335
3303
3303
3295
3272
3265
3260
3236
3232
3224
3221
3217
3209
3193
3173
3146
3143
3139
3114
3112
3111
3106
3102
3082
3074
3047
3045
3039
3012
3008
2995
2985
2977
2964
2929
2921
2908
2879
2857
2854
2834
2834
2829
2824
2806
2798
2781
2778
2763
2762
2752
2748
2738
2731
2724
2715
2709
2682
2679
2675
2672
2664
2655
2650
2647
2633
2621
2617
2613
2612
2609
2596
2592
2585
2581
2572
2570
2567
2564
2543
2541
2501
2492
2443
2425
2411
2382
2367
2352
2323
2316
2309
2300
2300
2282
2278
2278
2277
2269
2259
2234
2231
2210
2201
2201
2199
2185
2179
2172
2171
2159
2149
2145
2142
2099
2096
2093
2077
2073
2051
2050
2038
2021
1981
1976
1968
1962
1923
1898
1897
1890
1884
1877
1874
1872
1860
1859
1856
1850
1832
1808
1805
1801
1766
1753
1749
1731
1712
1708
1698
1698
1694
1677
1672
1668
1659
1655
1652
1649
1627
1626
1619
1615
1611
1599
1589
1539
1525
1521
1517
1508
1501
1499
1493
1485
1485
1471
1458
1437
1432
1410
1381
1359
1358
1338
1338
1331
1329
1329
1328
1313
1297
1282
1280
1273
1270
1266
1266
1261
1256
1251
1238
1221
1216
1199
1198
1177
1162
1158
1152
1141
1137
1136
1127
1126
1122
1118
1106
1084
1035
1016
992
966
963
954
942
941
934
927
916
888
872
867
851
848
843
828
827
823
800
781
761
754
745
742
740
736
708
680
676
673
667
662
656
652
647
625
623
614
600
597
568
568
564
562
561
556
548
517
513
480
471
469
468
460
430
429
427
424
417
395
387
385
383
382
380
376
363
335
327
315
315
310
306
300
291
283
277
267
251
239
237
215
203
193
176
175
168
162
150
140
132
131
117
116
113
82
65
63
53
48
47
18
