49999
49998
49993
49972
49971
49968
49928
49926
49919
49919
49905
49897
49897
49892
49891
49860
49822
49813
49803
49793
49787
49775
49774
49768
49721
49716
49690
49675
49674
49671
49667
49659
49650
49644
49629
49628
49601
49593
49592
49592
49587
49579
49554
49552
49550
49549
49541
49537
49530
49524
49523
49513
49492
49489
49486
49466
49465
49450
49444
49431
49412
49409
49384
49371
49366
49360
49357
49336
49329
49328
49327
49324
49301
49298
49297
49289
49289
49256
49241
49234
49232
49209
49187
49186
49169
49162
49143
49139
49138
49131
49105
49100
49075
49070
49059
49054
49049
49041
49013
49009
48994
48992
48986
48976
48927
48922
48922
48918
48910
48908
48907
48905
48893
48878
48871
48871
48849
48847
48846
48824
48824
48802
48778
48771
48769
48758
48739
48734
48729
48719
48702
48700
48699
48691
48686
48685
48672
48671
48658
48633
48631
48611
48604
48594
48588
48587
48567
48558
48547
48534
48518
48511
48504
48468
48468
48457
48448
48444
48431
48418
48412
48405
48390
48383
48375
48359
48345
48307
48266
48261
48257
48228
48226
48225
48219
48216
48214
48202
48166
48148
48147
48144
48132
48118
48116
48110
48104
48101
48088
48074
48054
48045
48038
48013
48008
48001
47947
47939
47931
47924
47909
47908
47892
47880
47879
47871
47864
47859
47847
47831
47820
47810
47803
47787
47768
47745
47738
47725
47721
47707
47701
47700
47694
47686
47681
47678
47668
47666
47663
47656
47636
47629
47609
47603
47599
47569
47564
47562
47555
47553
47546
47546
47516
47516
47513
47504
47501
47470
47465
47453
47440
47417
47416
47414
47412
47409
47377
47368
47356
47355
47332
47325
47323
47320
47301
47286
47283
47272
47257
47256
47251
47248
47247
47239
47233
47233
47228
47224
47216
47209
47196
47196
47189
47169
47150
47149
47138
47113
47100
47093
47084
47081
47071
47070
47069
47031
47030
47029
47017
47015
47008
47000
46992
46969
46966
46966
46965
46961
46944
46942
46936
46933
46932
46922
46906
46902
46900
46894
46881
46876
46872
46840
46839
46825
46823
46823
46819
46816
46804
46797
46788
46785
46762
46762
46757
46751
46719
46718
46708
46707
46704
46697
46694
46693
46678
46677
46662
46661
46646
46616
46616
46608
46578
46576
46571
46556
46550
46547
46546
46543
46526
46525
46518
46509
46504
46497
46485
46482
46481
46475
46454
46452
46449
46433
46426
46417
46414
46406
46401
46396
46390
46387
46385
46379
46361
46358
46331
46301
46300
46288
46276
46271
46266
46254
46230
46222
46217
46211
46197
46197
46192
46190
46177
46162
46151
46143
46140
46127
46115
46108
46106
46083
46077
46073
46072
46048
46036
46033
46029
46017
45998
45994
45994
45992
45970
45967
45962
45949
45906
45874
45873
45867
45858
45857
45845
45829
45812
45807
45803
45802
45802
45785
45775
45774
45766
45754
45752
45740
45716
45705
45704
45696
45692
45667
45666
45659
45658
45649
45636
45635
45629
45618
45612
45605
45572
45568
45567
45566
45564
45549
45547
45547
45542
45542
45524
45509
45503
45471
45470
45467
45432
45422
45393
45365
45358
45358
45344
45335
45330
45327
45325
45323
45315
45277
45274
45262
45259
45259
45220
45206
45195
45183
45181
45179
45177
45172
45168
45161
45153
45145
45141
45140
45135
45134
45118
45117
45099
45095
45088
45049
45042
45042
45033
45031
44994
44935
44925
44916
44916
44871
44868
44865
44864
44861
44851
44847
44825
44815
44797
44780
44771
44765
44754
44722
44716
44712
44709
44671
44664
44655
44625
44622
44610
44609
44594
44592
44562
44555
44536
44532
44528
44528
44517
44488
44483
44462
44447
44443
44428
44423
44418
44401
44373
44365
44357
44356
44303
44294
44293
44293
44265
44253
44221
44217
44206
44196
44175
44171
44166
44166
44146
44131
44103
44093
44088
44072
44060
44051
44042
44040
44036
44035
44026
44023
44023
44019
44010
43995
43992
43982
43956
43937
43895
43892
43885
43884
43874
43873
43857
43854
43853
43852
43851
43844
43835
43825
43813
43809
43777
43767
43741
43738
43733
43720
43709
43693
43688
43664
43616
43611
43595
43586
43581
43569
43555
43549
43546
43543
43536
43534
43526
43517
43511
43500
43475
43474
43458
43453
43435
43420
43379
43375
43341
43338
43336
43325
43322
43317
43316
43307
43304
43303
43292
43291
43286
43283
43262
43258
43252
43248
43244
43244
43242
43216
43211
43195
43178
43172
43143
43138
43131
43123
43116
43099
43059
43050
43041
43041
43031
43030
43026
43021
43019
43015
43010
42963
42962
42952
42951
42932
42924
42887
42887
42886
42884
42867
42864
42858
42855
42844
42843
42823
42822
42816
42815
42809
42800
42779
42772
42769
42765
42764
42763
42755
42742
42729
42725
42720
42642
42632
42631
42620
42617
42613
42584
42584
42564
42551
42544
42528
42507
42496
42492
42491
42477
42473
42461
42458
42450
42438
42438
42435
42373
42354
42348
42344
42342
42318
42318
42283
42281
42278
42268
42266
42237
42224
42218
42202
42192
42190
42182
42178
42123
42122
42107
42107
42091
42084
42056
42048
42035
42026
42019
41998
41982
41962
41958
41957
41957
41950
41947
41943
41936
41933
41891
41879
41872
41870
41862
41860
41859
41851
41850
41845
41807
41800
41792
41791
41785
41780
41779
41765
41763
41757
41747
41739
41722
41715
41707
41704
41701
41678
41671
41671
41655
41654
41653
41649
41638
41612
41606
41589
41579
41577
41573
41566
41560
41557
41547
41544
41525
41506
41485
41470
41453
41419
41413
41408
41403
41391
41386
41367
41341
41341
41336
41328
41321
41309
41291
41272
41269
41265
41221
41206
41202
41202
41184
41175
41165
41158
41147
41145
41131
41130
41115
41110
41108
41077
41076
41051
41043
41033
41024
41022
41013
40977
40964
40940
40922
40920
40911
40910
40906
40905
40900
40892
40882
40882
40867
40844
40841
40836
40819
40812
40798
40794
40783
40764
40763
40761
40754
40753
40746
40744
40740
40715
40703
40702
40700
40699
40698
40674
40634
40622
40619
40617
40588
40584
40563
40555
40547
40537
40527
40515
40504
40496
40485
40480
40480
40473
40471
40468
40465
40458
40454
40441
40419
40418
40410
40401
40392
40363
40348
40344
40314
40311
40310
40303
40271
40264
40261
40260
40256
40250
40247
40240
40170
40146
40131
40129
40118
40112
40106
40093
40076
40072
40066
40061
40055
40030
40029
40029
40023
40016
40009
40009
40007
40005
39993
39988
39965
39955
39946
39923
39901
39896
39885
39878
39861
39847
39846
39840
39833
39832
39832
39803
39797
39791
39780
39775
39750
39735
39726
39663
39659
39657
39652
39652
39642
39636
39615
39610
39601
39601
39586
39554
39553
39528
39523
39491
39489
39466
39461
39443
39440
39440
39432
39422
39415
39412
39409
39399
39382
39360
39351
39347
39344
39318
39316
39297
39285
39279
39261
39235
39230
39226
39207
39204
39198
39197
39192
39190
39185
39182
39178
39157
39143
39140
39114
39113
39111
39102
39087
39062
39060
39060
39056
39041
39012
39009
39007
39005
38993
38983
38978
38956
38950
38947
38923
38918
38914
38913
38909
38899
38876
38876
38869
38868
38864
38835
38835
38828
38802
38798
38797
38789
38786
38780
38774
38773
38756
38748
38741
38737
38733
38716
38716
38706
38704
38693
38691
38690
38678
38677
38661
38650
38629
38626
38624
38616
38606
38561
38543
38538
38523
38518
38517
38510
38486
38481
38477
38466
38464
38449
38441
38434
38410
38393
38376
38365
38344
38333
38330
38313
38306
38300
38294
38293
38265
38245
38228
38226
38208
38187
38183
38182
38178
38161
38144
38143
38123
38107
38104
38094
38090
38088
38076
38074
38073
38060
38026
38018
38003
38002
38000
37988
37984
37962
37960
37940
37931
37923
37922
37916
37898
37889
37889
37852
37804
37792
37784
37776
37765
37757
37751
37725
37725
37711
37700
37684
37683
37668
37667
37666
37640
37632
37630
37610
37599
37588
37585
37564
37555
37554
37546
37537
37534
37527
37516
37512
37509
37505
37499
37479
37477
37477
37474
37470
37441
37441
37438
37438
37433
37420
37415
37409
37397
37364
37341
37331
37324
37319
37318
37304
37270
37254
37252
37233
37216
37214
37212
37208
37189
37188
37187
37181
37167
37166
37149
37142
37129
37120
37108
37100
37098
37088
37087
37083
37076
37074
37056
37048
37016
37010
37005
36995
36994
36990
36987
36982
36975
36956
36944
36940
36939
36926
36924
36912
36908
36900
36896
36893
36888
36880
36864
36863
36861
36854
36840
36811
36800
36799
36775
36773
36739
36735
36728
36728
36717
36714
36705
36697
36695
36689
36689
36687
36680
36677
36671
36671
36658
36641
36635
36614
36610
36608
36601
36582
36577
36563
36548
36541
36528
36523
36511
36506
36500
36498
36483
36458
36437
36428
36405
36393
36388
36378
36376
36357
36357
36350
36325
36321
36317
36303
36302
36297
36290
36290
36282
36274
36274
36268
36266
36255
36240
36236
36234
36229
36223
36165
36137
36132
36126
36112
36108
36104
36080
36080
36079
36054
36050
36048
36047
36044
36021
36007
36000
35994
35988
35983
35976
35958
35938
35935
35913
35881
35872
35866
35859
35856
35852
35823
35823
35782
35776
35771
35767
35765
35728
35704
35698
35678
35661
35632
35623
35608
35601
35585
35578
35570
35560
35556
35555
35530
35522
35517
35516
35489
35481
35470
35450
35448
35447
35421
35402
35366
35343
35342
35336
35322
35309
35298
35268
35249
35239
35235
35234
35226
35225
35222
35218
35205
35203
35164
35151
35147
35133
35130
35127
35111
35108
35096
35081
35052
35049
35042
35033
35028
35025
35021
35017
35015
35010
34994
34984
34983
34966
34964
34954
34927
34917
34910
34874
34863
34851
34831
34813
34781
34776
34765
34750
34746
34744
34732
34720
34718
34714
34705
34702
34685
34655
34647
34644
34644
34642
34631
34628
34621
34602
34588
34572
34569
34563
34543
34502
34499
34498
34487
34461
34451
34446
34434
34429
34411
34381
34374
34366
34363
34351
34341
34321
34319
34319
34316
34276
34276
34273
34266
34241
34232
34213
34208
34195
34192
34185
34184
34172
34171
34156
34155
34146
34137
34127
34126
34123
34118
34090
34083
34081
34073
34050
34047
34044
34040
34013
33996
33994
33992
33989
33987
33967
33955
33928
33924
33892
33886
33884
33873
33858
33845
33830
33830
33830
33823
33809
33807
33796
33750
33740
33739
33732
33727
33712
33695
33678
33671
33666
33626
33596
33592
33570
33563
33524
33510
33498
33484
33478
33452
33434
33433
33430
33413
33389
33384
33357
33354
33317
33307
33304
33275
33272
33258
33256
33254
33251
33251
33245
33243
33156
33149
33142
33122
33121
33119
33113
33109
33109
33097
33081
33071
33070
33059
33049
33037
33036
33028
33026
32986
32948
32939
32936
32926
32908
32895
32890
32847
32843
32829
32825
32821
32811
32809
32802
32799
32796
32783
32783
32764
32755
32748
32728
32728
32726
32713
32711
32701
32700
32691
32684
32656
32635
32634
32623
32605
32591
32591
32576
32574
32570
32551
32551
32535
32524
32518
32507
32504
32502
32494
32481
32475
32466
32462
32448
32421
32420
32395
32394
32384
32368
32359
32348
32336
32334
32324
32308
32294
32281
32281
32276
32268
32234
32196
32193
32187
32187
32171
32160
32153
32153
32130
32129
32129
32103
32082
32071
32057
32048
32047
32037
32036
32028
32003
32002
32000
31986
31981
31962
31957
31955
31936
31913
31905
31888
31840
31832
31824
31819
31815
31807
31805
31801
31791
31750
31745
31739
31733
31725
31720
31711
31702
31698
31660
31656
31652
31627
31626
31613
31606
31603
31576
31571
31568
31567
31567
31549
31545
31539
31535
31526
31521
31511
31505
31485
31475
31473
31472
31467
31464
31464
31459
31442
31440
31433
31412
31401
31395
31363
31357
31353
31346
31342
31334
31333
31308
31300
31298
31283
31279
31224
31218
31213
31202
31177
31174
31171
31162
31159
31150
31147
31146
31142
31135
31132
31115
31106
31095
31079
31060
31059
31054
31043
31030
31019
31014
31013
31003
30983
30958
30945
30937
30931
30918
30913
30864
30848
30845
30839
30833
30822
30817
30814
30807
30799
30793
30792
30783
30782
30770
30769
30742
30733
30722
30711
30708
30699
30690
30687
30684
30680
30671
30667
30665
30653
30637
30628
30622
30539
30536
30523
30520
30519
30515
30505
30479
30473
30460
30452
30404
30387
30356
30343
30343
30330
30323
30322
30283
30275
30271
30262
30256
30246
30235
30224
30221
30221
30220
30196
30183
30180
30178
30165
30161
30155
30153
30152
30145
30137
30134
30111
30111
30102
30086
30085
30085
30083
30070
30064
30064
30053
30034
30034
30025
30009
30006
29996
29996
29990
29975
29963
29959
29954
29951
29945
29945
29937
29909
29897
29891
29888
29866
29862
29848
29842
29834
29821
29812
29804
29777
29751
29749
29742
29729
29728
29720
29714
29700
29697
29696
29667
29665
29643
29607
29604
29603
29601
29553
29552
29529
29518
29515
29507
29507
29501
29500
29484
29468
29467
29466
29461
29452
29437
29431
29429
29411
29374
29327
29324
29321
29318
29305
29293
29278
29277
29259
29253
29247
29231
29229
29227
29219
29196
29192
29183
29177
29171
29166
29146
29143
29143
29140
29109
29107
29104
29080
29048
29027
29021
29017
29002
28993
28993
28991
28985
28980
28980
28980
28978
28965
28951
28949
28945
28927
28910
28897
28896
28894
28887
28871
28854
28852
28839
28826
28823
28822
28812
28806
28782
28777
28752
28743
28741
28739
28737
28732
28727
28705
28702
28701
28669
28663
28652
28643
28637
28636
28620
28587
28575
28574
28559
28554
28538
28538
28537
28535
28530
28521
28518
28499
28466
28465
28456
28454
28453
28449
28417
28416
28415
28404
28404
28390
28389
28351
28321
28317
28314
28276
28274
28255
28253
28246
28223
28213
28205
28199
28194
28181
28175
28160
28152
28144
28116
28100
28098
28077
28075
28057
28045
28030
28020
27985
27966
27963
27945
27939
27931
27906
27905
27881
27875
27872
27866
27861
27848
27825
27821
27814
27811
27805
27789
27787
27785
27783
27778
27757
27745
27724
27723
27708
27696
27695
27683
27681
27648
27632
27627
27611
27610
27605
27551
27550
27538
27533
27528
27520
27505
27497
27481
27447
27441
27440
27428
27423
27407
27402
27388
27371
27355
27343
27342
27318
27294
27287
27270
27270
27264
27253
27245
27241
27230
27225
27184
27180
27179
27175
27173
27170
27169
27167
27148
27148
27138
27125
27123
27107
27104
27104
27097
27081
27080
27067
27041
27016
27015
27013
26998
26979
26965
26962
26957
26918
26883
26876
26874
26873
26853
26834
26822
26817
26816
26815
26808
26802
26791
26770
26764
26764
26743
26730
26725
26709
26706
26693
26693
26691
26678
26668
26653
26644
26620
26613
26591
26585
26584
26582
26566
26563
26555
26555
26554
26551
26535
26531
26522
26508
26503
26503
26499
26499
26489
26479
26474
26455
26453
26452
26448
26384
26381
26369
26366
26365
26358
26345
26340
26338
26315
26312
26296
26296
26287
26285
26281
26278
26270
26266
26261
26256
26242
26225
26206
26205
26169
26150
26144
26134
26128
26112
26108
26101
26096
26094
26086
26062
26051
26041
26020
26014
26002
25938
25929
25917
25915
25914
25905
25902
25863
25860
25823
25823
25819
25816
25800
25785
25774
25741
25729
25727
25677
25677
25675
25673
25656
25639
25637
25635
25633
25624
25622
25612
25611
25593
25591
25583
25581
25556
25555
25540
25538
25532
25525
25521
25496
25488
25486
25478
25456
25454
25446
25439
25426
25425
25406
25383
25362
25357
25357
25348
25339
25338
25335
25328
25328
25310
25302
25291
25282
25274
25267
25262
25259
25257
25248
25239
25239
25218
25214
25206
25203
25200
25188
25173
25167
25139
25135
25132
25126
25114
25107
25076
25070
25054
25042
25002
24997
24986
24982
24962
24951
24932
24924
24915
24913
24905
24893
24880
24866
24862
24849
24848
24826
24816
24814
24806
24805
24788
24780
24766
24759
24741
24701
24695
24693
24687
24678
24673
24666
24654
24647
24644
24618
24601
24596
24585
24578
24564
24548
24535
24527
24525
24501
24480
24446
24399
24399
24391
24383
24382
24361
24343
24337
24331
24305
24303
24286
24277
24270
24268
24266
24260
24255
24236
24231
24225
24222
24219
24209
24201
24195
24194
24192
24189
24188
24177
24162
24154
24152
24150
24146
24115
24102
24093
24090
24083
24082
24082
24080
24073
24070
24070
24062
24033
24028
24005
24003
23990
23981
23966
23963
23956
23945
23942
23939
23933
23931
23929
23919
23915
23897
23896
23883
23882
23868
23864
23863
23849
23846
23836
23834
23821
23807
23801
23775
23771
23766
23765
23758
23755
23749
23749
23749
23746
23737
23723
23715
23701
23684
23669
23662
23657
23647
23646
23640
23626
23624
23589
23578
23555
23548
23544
23536
23533
23529
23519
23510
23507
23506
23478
23477
23474
23466
23451
23435
23428
23418
23414
23404
23395
23389
23363
23362
23360
23357
23350
23347
23338
23334
23312
23312
23306
23304
23302
23299
23298
23284
23282
23278
23278
23277
23273
23233
23209
23201
23184
23172
23153
23144
23121
23119
23115
23109
23085
23082
23075
23072
23068
23065
23063
23052
23043
23040
23032
23011
23008
22996
22980
22967
22966
22957
22953
22950
22934
22931
22907
22890
22879
22871
22844
22831
22827
22818
22798
22762
22758
22756
22754
22741
22739
22727
22714
22712
22708
22707
22703
22692
22685
22675
22666
22657
22651
22646
22645
22630
22610
22588
22582
22534
22508
22496
22491
22483
22482
22478
22454
22452
22449
22445
22426
22418
22417
22393
22388
22383
22383
22362
22361
22355
22307
22307
22303
22297
22291
22287
22286
22278
22278
22276
22250
22250
22250
22233
22222
22216
22212
22196
22164
22156
22149
22142
22136
22123
22117
22092
22061
22054
22034
22034
22014
22008
22002
21999
21998
21991
21977
21976
21952
21947
21940
21932
21903
21902
21892
21888
21879
21856
21847
21835
21832
21797
21796
21776
21767
21766
21726
21724
21702
21690
21686
21676
21674
21666
21658
21651
21648
21642
21631
21623
21614
21607
21606
21598
21581
21567
21524
21522
21516
21514
21434
21431
21430
21426
21415
21412
21411
21390
21375
21365
21345
21344
21338
21336
21335
21323
21298
21259
21251
21249
21249
21244
21230
21228
21219
21216
21215
21214
21201
21197
21188
21168
21156
21141
21132
21124
21120
21112
21094
21090
21089
21079
21066
21054
21046
21027
21024
21003
21000
20998
20986
20983
20976
20949
20947
20939
20935
20924
20924
20920
20919
20908
20895
20873
20857
20834
20825
20818
20791
20767
20759
20749
20745
20745
20715
20703
20700
20695
20667
20661
20654
20629
20620
20615
20594
20580
20579
20576
20563
20542
20533
20522
20484
20482
20470
20468
20434
20423
20415
20412
20402
20396
20384
20380
20375
20372
20369
20348
20345
20335
20335
20327
20322
20316
20314
20308
20296
20283
20270
20265
20258
20258
20255
20249
20242
20234
20225
20218
20216
20215
20213
20202
20201
20165
20159
20157
20145
20139
20103
20101
20100
20098
20080
20072
20066
20061
20039
20031
20029
20024
20003
20003
19995
19987
19981
19973
19971
19966
19963
19959
19950
19930
19914
19878
19867
19859
19851
19840
19827
19819
19812
19809
19802
19786
19775
19747
19720
19699
19695
19684
19675
19674
19663
19648
19646
19640
19638
19637
19629
19629
19621
19609
19598
19593
19573
19562
19558
19550
19550
19538
19532
19526
19524
19520
19516
19515
19512
19489
19488
19462
19450
19446
19445
19444
19433
19431
19418
19417
19414
19382
19375
19360
19349
19341
19332
19322
19317
19303
19302
19286
19275
19265
19257
19249
19241
19236
19226
19172
19170
19163
19158
19146
19119
19118
19117
19115
19114
19096
19071
19060
19056
19049
19043
19025
18999
18997
18972
18970
18942
18928
18919
18899
18875
18871
18864
18858
18812
18802
18791
18776
18764
18763
18759
18759
18758
18745
18745
18741
18738
18715
18703
18700
18699
18691
18687
18669
18664
18664
18642
18615
18574
18570
18570
18557
18556
18549
18534
18530
18506
18500
18496
18488
18486
18478
18476
18474
18465
18460
18458
18424
18417
18409
18405
18396
18393
18377
18372
18370
18358
18357
18351
18350
18339
18338
18336
18336
18315
18298
18292
18281
18270
18270
18254
18254
18248
18247
18243
18238
18234
18194
18189
18177
18176
18171
18169
18167
18151
18148
18138
18131
18129
18122
18092
18090
18064
18047
18000
17999
17978
17974
17974
17939
17927
17919
17912
17888
17841
17834
17831
17830
17827
17823
17818
17796
17786
17780
17774
17767
17760
17760
17755
17752
17732
17728
17727
17702
17700
17698
17696
17695
17693
17662
17644
17640
17627
17618
17609
17607
17605
17600
17593
17585
17579
17565
17561
17550
17542
17525
17520
17513
17512
17511
17498
17487
17481
17472
17470
17456
17455
17448
17441
17435
17431
17430
17408
17390
17376
17359
17357
17340
17335
17315
17307
17304
17302
17299
17285
17282
17278
17266
17253
17248
17230
17218
17206
17200
17196
17177
17172
17162
17161
17154
17140
17126
17125
17108
17100
17096
17096
17089
17076
17075
17058
17049
17049
17047
17044
17039
17020
17014
17012
17007
17006
16998
16978
16938
16934
16910
16899
16897
16897
16895
16895
16883
16862
16860
16858
16858
16858
16853
16843
16820
16817
16804
16785
16781
16742
16739
16714
16709
16707
16697
16693
16691
16685
16669
16665
16658
16653
16650
16633
16631
16630
16629
16603
16590
16590
16588
16588
16569
16539
16538
16533
16525
16471
16469
16466
16465
16454
16448
16431
16402
16390
16372
16363
16360
16345
16327
16324
16316
16304
16298
16291
16287
16285
16271
16268
16264
16231
16229
16224
16222
16219
16215
16206
16198
16198
16195
16189
16181
16166
16143
16137
16133
16119
16117
16114
16108
16103
16096
16085
16083
16078
16077
16056
16056
16042
16002
15996
15990
15981
15981
15979
15978
15968
15961
15946
15943
15939
15932
15926
15900
15898
15898
15895
15874
15867
15858
15843
15839
15836
15833
15827
15825
15824
15817
15816
15815
15805
15790
15779
15776
15774
15774
15750
15750
15661
15659
15654
15617
15611
15607
15601
15600
15598
15598
15569
15542
15541
15538
15537
15533
15525
15518
15509
15479
15459
15433
15432
15420
15420
15413
15401
15383
15377
15374
15351
15344
15332
15327
15324
15321
15316
15295
15283
15272
15271
15237
15236
15235
15222
15211
15207
15203
15196
15180
15179
15159
15147
15136
15130
15123
15123
15120
15105
15098
15082
15078
15047
15040
15039
15034
15018
15017
15016
15001
14961
14942
14930
14928
14927
14916
14908
14907
14906
14903
14878
14868
14846
14835
14818
14809
14796
14794
14778
14756
14742
14725
14705
14688
14654
14647
14646
14636
14584
14584
14551
14540
14539
14536
14523
14519
14489
14484
14475
14473
14470
14469
14463
14462
14458
14454
14437
14429
14428
14422
14396
14376
14365
14346
14337
14336
14335
14318
14315
14302
14297
14293
14286
14280
14268
14253
14245
14239
14193
14185
14185
14179
14175
14163
14155
14152
14122
14115
14100
14092
14069
14064
14053
14052
14047
14037
14030
14030
14018
14011
14003
13989
13982
13974
13946
13942
13936
13935
13914
13897
13860
13859
13842
13840
13821
13819
13810
13807
13800
13794
13789
13784
13777
13768
13755
13748
13737
13731
13721
13714
13706
13664
13660
13655
13650
13646
13627
13602
13601
13560
13551
13540
13528
13526
13516
13515
13498
13494
13492
13482
13478
13477
13474
13470
13469
13456
13455
13452
13424
13418
13400
13394
13376
13375
13355
13323
13323
13314
13312
13307
13301
13287
13265
13252
13239
13234
13232
13228
13217
13192
13191
13164
13163
13159
13143
13130
13107
13089
13088
13069
13054
13033
13030
13018
13017
13010
13005
12982
12957
12942
12933
12931
12929
12903
12881
12874
12866
12861
12857
12836
12833
12797
12786
12777
12775
12773
12767
12755
12748
12743
12726
12699
12689
12683
12678
12663
12661
12658
12643
12638
12624
12623
12603
12598
12540
12527
12526
12522
12509
12504
12498
12490
12490
12477
12475
12450
12417
12412
12364
12356
12335
12328
12318
12314
12302
12301
12290
12286
12282
12271
12269
12256
12255
12252
12237
12233
12232
12229
12198
12191
12175
12158
12150
12145
12140
12135
12109
12092
12089
12080
12051
12045
12031
12010
11998
11996
11987
11979
11954
11950
11946
11882
11875
11872
11867
11861
11855
11853
11846
11826
11818
11803
11797
11773
11771
11732
11729
11707
11685
11681
11677
11667
11643
11638
11631
11625
11609
11594
11590
11576
11574
11573
11562
11561
11560
11531
11507
11491
11464
11464
11441
11436
11427
11426
11418
11400
11399
11397
11392
11384
11383
11361
11356
11356
11354
11337
11317
11299
11288
11277
11274
11273
11271
11269
11257
11256
11238
11236
11228
11227
11221
11218
11216
11194
11188
11186
11182
11165
11162
11137
11135
11131
11130
11128
11126
11106
11102
11101
11099
11093
11091
11090
11077
11070
11056
11038
11024
11023
11013
11011
10982
10977
10976
10974
10963
10935
10934
10920
10916
10915
10901
10895
10889
10863
10848
10845
10845
10833
10827
10821
10816
10804
10803
10798
10785
10766
10763
10761
10744
10741
10737
10733
10721
10704
10699
10693
10689
10685
10682
10672
10671
10654
10645
10638
10629
10629
10623
10610
10604
10596
10563
10528
10498
10490
10484
10481
10467
10440
10437
10432
10426
10423
10404
10388
10362
10351
10338
10334
10333
10318
10301
10294
10278
10274
10260
10231
10220
10212
10208
10205
10192
10169
10157
10148
10121
10121
10120
10115
10113
10109
10103
10092
10087
10085
10062
10035
10024
10020
10017
10014
10009
9988
9981
9967
9957
9949
9948
9934
9930
9927
9912
9903
9899
9875
9875
9872
9870
9865
9858
9851
9841
9837
9822
9814
9811
9801
9781
9773
9763
9760
9743
9743
9738
9736
9732
9729
9715
9695
9691
9687
9671
9663
9659
9654
9646
9641
9630
9621
9614
9605
9590
9577
9565
9559
9551
9548
9541
9533
9529
9515
9509
9508
9499
9480
9467
9454
9451
9450
9448
9431
9431
9418
9417
9404
9402
9402
9389
9378
9361
9305
9302
9294
9285
9279
9271
9252
9251
9249
9248
9232
9228
9217
9216
9207
9191
9153
9153
9122
9088
9087
9081
9077
9068
9066
9066
9060
9044
9024
9010
9002
9000
8993
8989
8984
8974
8973
8967
8961
8947
8933
8927
8923
8912
8894
8893
8890
8875
8870
8861
8834
8815
8792
8790
8789
8785
8774
8757
8756
8735
8734
8706
8700
8696
8695
8692
8687
8653
8645
8639
8639
8609
8604
8598
8582
8581
8573
8563
8559
8546
8537
8521
8519
8507
8498
8491
8475
8473
8469
8460
8460
8432
8424
8421
8412
8400
8399
8397
8368
8355
8348
8334
8332
8323
8312
8308
8300
8291
8275
8263
8254
8243
8237
8224
8219
8218
8207
8201
8201
8168
8151
8150
8131
8129
8123
8118
8116
8114
8113
8113
8094
8061
8051
8044
8043
8038
8018
8016
8013
8013
8003
8002
7973
7972
7959
7956
7949
7941
7934
7933
7931
7925
7905
7892
7867
7866
7863
7858
7835
7826
7816
7802
7795
7791
7791
7784
7759
7745
7728
7724
7712
7699
7698
7686
7682
7666
7661
7658
7656
7606
7605
7576
7563
7552
7548
7541
7528
7511
7497
7484
7483
7466
7460
7455
7433
7412
7399
7390
7384
7380
7356
7355
7347
7346
7338
7310
7304
7304
7303
7297
7284
7280
7273
7250
7246
7243
7241
7232
7222
7216
7215
7201
7195
7193
7187
7185
7177
7167
7142
7120
7114
7109
7097
7065
7058
7053
7044
7031
6994
6993
6992
6987
6958
6930
6930
6917
6902
6888
6887
6883
6860
6849
6826
6816
6814
6796
6791
6788
6786
6776
6770
6764
6706
6689
6671
6671
6655
6654
6644
6640
6622
6614
6603
6600
6599
6599
6590
6589
6572
6555
6526
6526
6523
6520
6519
6505
6500
6494
6487
6483
6483
6482
6474
6470
6467
6464
6453
6423
6423
6411
6409
6408
6392
6390
6387
6384
6347
6340
6327
6326
6322
6309
6307
6299
6296
6291
6272
6272
6270
6265
6251
6247
6234
6233
6227
6222
6179
6178
6168
6154
6150
6134
6125
6105
6102
6099
6049
6038
6022
6012
6006
5994
5974
5968
5960
5959
5938
5914
5895
5887
5866
5859
5788
5779
5770
5757
5735
5734
5725
5698
5691
5677
5649
5649
5646
5631
5614
5612
5611
5609
5600
5597
5587
5573
5570
5569
5563
5560
5555
5553
5550
5541
5526
5523
5519
5502
5501
5494
5485
5473
5471
5466
5465
5448
5424
5423
5394
5390
5381
5366
5365
5363
5359
5351
5340
5332
5324
5286
5271
5266
5258
5257
5254
5245
5240
5234
5206
5196
5188
5154
5144
5143
5120
5106
5100
5096
5083
5073
5067
5063
5037
5037
5022
5020
5009
4976
4957
4957
4943
4930
4921
4909
4899
4896
4885
4874
4873
4871
4866
4860
4853
4816
4815
4803
4789
4786
4783
4779
4773
4766
4765
4761
4742
4730
4722
4720
4712
4685
4681
4673
4669
4661
4649
4643
4639
4634
4632
4626
4616
4613
4609
4590
4565
4542
4521
4517
4513
4509
4506
4497
4483
4479
4466
4450
4445
4438
4430
4406
4405
4394
4382
4371
4361
4354
4339
4335
4323
4247
4244
4238
4238
4235
4228
4225
4222
4213
4205
4200
4174
4166
4163
4145
4140
4135
4134
4102
4095
4075
4049
4017
4016
4015
4005
4002
4000
3995
3995
3977
3976
3970
3952
3949
3940
3919
3911
3898
3887
3866
3863
3845
3842
3833
3832
3826
3820
3816
3810
3809
3798
3786
3785
3769
3764
3738
3727
3712
3705
3674
3674
3645
3630
3628
3618
3615
3613
3610
3601
3594
3590
3588
3578
3572
3547
3532
3517
3506
3503
3502
3485
3483
3462
3452
3449
3434
3421
3419
3409
3402
3400
3386
3385
3384
3381
3365
3363
3361
3356
3333
3330
3320
3312
3310
3310
3301
3286
3285
3268
3262
3255
3248
3232
3223
3218
3189
3185
3185
3168
3153
3150
3147
3118
3105
3102
3101
3097
3096
3078
3068
3062
3060
3058
3041
3038
3022
3014
3001
2987
2986
2974
2968
2966
2957
2948
2939
2929
2923
2895
2887
2884
2882
2873
2862
2861
2848
2848
2830
2824
2795
2794
2769
2761
2746
2713
2705
2685
2682
2676
2647
2642
2637
2627
2626
2617
2596
2581
2567
2551
2536
2533
2520
2499
2497
2497
2478
2474
2463
2460
2452
2442
2431
2426
2412
2395
2394
2377
2374
2346
2335
2329
2298
2288
2274
2267
2248
2247
2227
2200
2184
2181
2180
2169
2162
2150
2140
2126
2115
2111
2053
2050
2046
2042
2039
2025
2020
2001
1988
1971
1968
1952
1950
1940
1938
1931
1926
1924
1917
1915
1884
1879
1870
1869
1824
1819
1813
1797
1796
1790
1790
1783
1780
1778
1765
1753
1732
1731
1712
1711
1710
1705
1691
1668
1650
1643
1612
1611
1600
1595
1581
1569
1550
1542
1522
1510
1510
1506
1485
1463
1454
1447
1432
1413
1389
1372
1363
1352
1342
1340
1319
1313
1309
1301
1295
1291
1284
1283
1279
1263
1249
1248
1237
1232
1222
1217
1213
1187
1170
1167
1146
1131
1123
1122
1108
1098
1098
1084
1077
1048
1045
1039
1036
1013
1005
1003
990
985
982
981
971
961
956
945
935
923
908
908
885
879
844
843
842
826
823
811
805
799
773
771
762
759
757
753
725
682
668
646
641
635
626
603
594
589
582
580
567
548
547
544
534
516
506
503
502
496
489
467
462
442
423
412
406
398
386
366
365
341
340
310
304
299
297
287
286
286
280
280
275
273
252
247
247
241
239
227
225
212
211
197
181
155
155
150
144
137
123
114
113
111
108
107
96
87
79
72
51
45
36
28
24
20
17
